V_50_2.txt

VEHICLE     CAPACITY  LOCATIONS  CUSTOMER  OPTIONS  PRIORITIES  NUMTYPS
10		150		49		50		76		3		4

CUSTOMER  DEMAND
0	 20
1	 13
2	 16
3	 20
4	 15
5	 14
6	 14
7	 20
8	 17
9	 14
10	 13
11	 11
12	 20
13	 13
14	 11
15	 15
16	 16
17	 13
18	 15
19	 17
20	 17
21	 13
22	 14
23	 20
24	 19
25	 15
26	 13
27	 14
28	 17
29	 16
30	 14
31	 10
32	 12
33	 19
34	 19
35	 18
36	 18
37	 15
38	 11
39	 13
40	 10
41	 20
42	 17
43	 15
44	 15
45	 20
46	 11
47	 17
48	 11
49	 15

LOCATION  XCOORD  YCOORD  CAP  READY  DUE  TYP  SERVICETIME
0		26		39		-1		0		720	 0		0
1		7		23		-1		453		693		 2		6
2		5		39		-1		180		300		 2		6
3		31		43		-1		427		547		 2		6
4		20		21		-1		360		720		 2		6
5		22		39		-1		0		360		 2		6
6		20		48		-1		9		129		 2		6
7		48		11		-1		231		351		 2		6
8		49		47		-1		360		720		 2		6
9		29		18		-1		456		696		 2		6
10		29		12		-1		215		455		 2		6
11		24		16		-1		0		360		 2		6
12		38		49		-1		56		296		 2		6
13		42		32		-1		360		720		 2		6
14		17		37		-1		164		284		 2		6
15		13		3		-1		0		360		 2		6
16		9		12		-1		360		720		 2		6
17		20		36		-1		78		198		 2		6
18		32		22		-1		0		360		 2		6
19		6		42		-1		0		360		 2		6
20		14		30		-1		399		639		 2		6
21		23		24		-1		0		360		 2		6
22		14		43		-1		356		596		 2		6
23		2		48		-1		360		720		 2		6
24		30		12		-1		0		360		 2		6
25		13		36		-1		360		720		 2		6
26		35		23		-1		360		720		 2		6
27		34		10		-1		244		484		 2		6
28		26		16		-1		360		720		 2		6
29		36		43		-1		311		551		 2		6
30		43		15		-1		522		642		 2		6
31		5		1		-1		592		712		 2		6
32		23		38		-1		443		683		 2		6
33		15		23		-1		179		299		 2		6
34		47		38		-1		440		560		 2		6
35		31		21		-1		398		518		 2		6
36		49		8		-1		501		621		 2		6
37		9		43		-1		0		360		 2		6
38		39		30		-1		0		360		 2		6
39		30		32		3		0		720		 1		4
40		44		27		3		0		720		 1		4
41		7		36		5		130		610		 1		4
42		11		37		3		0		720		 1		4
43		20		8		3		0		720		 1		4
44		21		8		4		0		720		 1		4
45		13		41		5		94		574		 1		4
46		20		24		5		154		634		 1		4
47		27		24		5		186		666		 1		4
48		41		23		5		0		720		 1		4
OPTION  LOCATION  CUSTOMER  PRIO  SERVICETIME   COST
0		46		0		0		2		0
1		43		1		0		2		0
2		48		2		0		2		0
3		40		3		0		2		0
4		48		4		0		2		0
5		46		5		0		2		0
6		43		6		0		2		0
7		46		7		0		2		0
8		42		8		0		2		0
9		46		9		0		2		0
10		42		10		0		2		0
11		48		11		0		2		0
12		1		12		0		5		0
13		2		13		0		5		0
14		3		14		0		5		0
15		4		15		0		5		0
16		5		16		0		5		0
17		6		17		0		5		0
18		7		18		0		5		0
19		8		19		0		5		0
20		9		20		0		5		0
21		10		21		0		5		0
22		11		22		0		5		0
23		12		23		0		5		0
24		13		24		1		5		0
25		48		24		0		2		0
26		14		25		1		5		0
27		46		25		0		2		0
28		15		26		1		5		0
29		47		26		0		2		0
30		16		27		0		5		0
31		48		27		1		2		0
32		17		28		1		5		0
33		39		28		0		2		0
34		18		29		1		5		0
35		40		29		0		2		0
36		19		30		1		5		0
37		41		30		0		2		0
38		20		31		0		5		0
39		46		31		1		2		0
40		21		32		1		5		0
41		43		32		0		2		0
42		22		33		1		5		0
43		47		33		0		2		0
44		23		34		1		5		0
45		45		34		0		2		0
46		24		35		0		5		0
47		46		35		1		2		0
48		25		36		0		5		0
49		45		36		1		2		0
50		26		37		1		5		0
51		46		37		0		2		0
52		27		38		1		5		0
53		45		38		0		2		0
54		28		39		1		5		0
55		39		39		0		2		0
56		29		40		0		5		0
57		42		40		1		2		0
58		30		41		0		5		0
59		47		41		1		2		0
60		31		42		0		5		0
61		41		42		1		2		0
62		32		43		0		5		0
63		45		43		1		2		0
64		33		44		0		5		0
65		39		44		1		2		0
66		34		45		1		5		0
67		41		45		0		2		0
68		35		46		1		5		0
69		46		46		0		2		0
70		36		47		0		5		0
71		47		47		1		2		0
72		37		48		0		5		0
73		48		48		1		2		0
74		38		49		0		5		0
75		48		49		1		2		0
