V_50_3.txt

VEHICLE     CAPACITY  LOCATIONS  CUSTOMER  OPTIONS  PRIORITIES  NUMTYPS
10		150		49		50		76		3		4

CUSTOMER  DEMAND
0	 10
1	 10
2	 15
3	 12
4	 17
5	 17
6	 15
7	 20
8	 20
9	 11
10	 15
11	 14
12	 19
13	 16
14	 14
15	 14
16	 19
17	 12
18	 19
19	 16
20	 14
21	 15
22	 13
23	 12
24	 18
25	 13
26	 12
27	 15
28	 15
29	 16
30	 15
31	 12
32	 10
33	 10
34	 16
35	 17
36	 13
37	 11
38	 18
39	 13
40	 17
41	 15
42	 14
43	 13
44	 20
45	 20
46	 14
47	 13
48	 11
49	 18

LOCATION  XCOORD  YCOORD  CAP  READY  DUE  TYP  SERVICETIME
0		25		9		-1		0		720	 0		0
1		22		47		-1		189		309		 2		6
2		48		25		-1		364		484		 2		6
3		19		19		-1		138		258		 2		6
4		21		1		-1		138		258		 2		6
5		29		24		-1		260		500		 2		6
6		2		2		-1		360		720		 2		6
7		45		5		-1		0		360		 2		6
8		9		1		-1		0		360		 2		6
9		36		46		-1		360		720		 2		6
10		10		9		-1		121		241		 2		6
11		32		31		-1		548		668		 2		6
12		28		16		-1		0		360		 2		6
13		9		24		-1		0		360		 2		6
14		45		5		-1		21		261		 2		6
15		7		9		-1		360		720		 2		6
16		23		30		-1		360		600		 2		6
17		42		36		-1		360		720		 2		6
18		44		50		-1		360		720		 2		6
19		30		41		-1		84		324		 2		6
20		13		27		-1		523		643		 2		6
21		25		33		-1		196		436		 2		6
22		43		28		-1		142		382		 2		6
23		9		32		-1		0		360		 2		6
24		15		45		-1		438		678		 2		6
25		5		31		-1		0		360		 2		6
26		12		17		-1		0		360		 2		6
27		4		45		-1		14		134		 2		6
28		33		25		-1		509		629		 2		6
29		40		47		-1		518		638		 2		6
30		21		40		-1		287		527		 2		6
31		31		34		-1		67		307		 2		6
32		24		25		-1		117		237		 2		6
33		47		26		-1		360		720		 2		6
34		38		10		-1		478		598		 2		6
35		46		47		-1		525		645		 2		6
36		50		25		-1		598		718		 2		6
37		48		18		-1		435		555		 2		6
38		25		44		-1		367		607		 2		6
39		19		45		5		145		625		 1		4
40		5		31		5		233		713		 1		4
41		19		20		3		0		720		 1		4
42		30		39		5		82		562		 1		4
43		42		43		3		0		720		 1		4
44		32		16		4		0		720		 1		4
45		24		29		3		0		720		 1		4
46		20		26		5		69		549		 1		4
47		8		11		4		0		720		 1		4
48		33		43		5		227		707		 1		4
OPTION  LOCATION  CUSTOMER  PRIO  SERVICETIME   COST
0		39		0		0		2		0
1		43		1		0		2		0
2		48		2		0		2		0
3		42		3		0		2		0
4		41		4		0		2		0
5		46		5		0		2		0
6		41		6		0		2		0
7		39		7		0		2		0
8		39		8		0		2		0
9		41		9		0		2		0
10		43		10		0		2		0
11		48		11		0		2		0
12		1		12		0		5		0
13		2		13		0		5		0
14		3		14		0		5		0
15		4		15		0		5		0
16		5		16		0		5		0
17		6		17		0		5		0
18		7		18		0		5		0
19		8		19		0		5		0
20		9		20		0		5		0
21		10		21		0		5		0
22		11		22		0		5		0
23		12		23		0		5		0
24		13		24		1		5		0
25		45		24		0		2		0
26		14		25		0		5		0
27		41		25		1		2		0
28		15		26		0		5		0
29		40		26		1		2		0
30		16		27		1		5		0
31		43		27		0		2		0
32		17		28		0		5		0
33		42		28		1		2		0
34		18		29		1		5		0
35		39		29		0		2		0
36		19		30		1		5		0
37		47		30		0		2		0
38		20		31		0		5		0
39		41		31		1		2		0
40		21		32		1		5		0
41		46		32		0		2		0
42		22		33		1		5		0
43		40		33		0		2		0
44		23		34		0		5		0
45		41		34		1		2		0
46		24		35		0		5		0
47		42		35		1		2		0
48		25		36		0		5		0
49		41		36		1		2		0
50		26		37		1		5		0
51		41		37		0		2		0
52		27		38		1		5		0
53		44		38		0		2		0
54		28		39		1		5		0
55		46		39		0		2		0
56		29		40		1		5		0
57		47		40		0		2		0
58		30		41		0		5		0
59		48		41		1		2		0
60		31		42		1		5		0
61		45		42		0		2		0
62		32		43		1		5		0
63		42		43		0		2		0
64		33		44		0		5		0
65		44		44		1		2		0
66		34		45		0		5		0
67		41		45		1		2		0
68		35		46		1		5		0
69		47		46		0		2		0
70		36		47		1		5		0
71		40		47		0		2		0
72		37		48		1		5		0
73		45		48		0		2		0
74		38		49		1		5		0
75		43		49		0		2		0
