V_50_6.txt

VEHICLE     CAPACITY  LOCATIONS  CUSTOMER  OPTIONS  PRIORITIES  NUMTYPS
10		150		49		50		76		3		4

CUSTOMER  DEMAND
0	 20
1	 20
2	 13
3	 10
4	 10
5	 17
6	 19
7	 11
8	 12
9	 17
10	 12
11	 18
12	 14
13	 20
14	 12
15	 20
16	 20
17	 14
18	 14
19	 20
20	 17
21	 14
22	 10
23	 19
24	 11
25	 11
26	 19
27	 11
28	 12
29	 13
30	 14
31	 17
32	 13
33	 17
34	 10
35	 17
36	 13
37	 18
38	 10
39	 17
40	 18
41	 17
42	 18
43	 17
44	 15
45	 13
46	 18
47	 10
48	 15
49	 12

LOCATION  XCOORD  YCOORD  CAP  READY  DUE  TYP  SERVICETIME
0		38		8		-1		0		720	 0		0
1		39		5		-1		360		720		 2		6
2		13		31		-1		360		720		 2		6
3		2		19		-1		0		360		 2		6
4		2		5		-1		360		720		 2		6
5		48		31		-1		338		578		 2		6
6		25		45		-1		215		335		 2		6
7		44		9		-1		456		696		 2		6
8		32		48		-1		0		360		 2		6
9		46		29		-1		0		360		 2		6
10		4		44		-1		158		398		 2		6
11		30		40		-1		461		581		 2		6
12		36		31		-1		0		360		 2		6
13		7		27		-1		367		607		 2		6
14		33		44		-1		360		720		 2		6
15		34		43		-1		504		624		 2		6
16		34		47		-1		574		694		 2		6
17		5		14		-1		555		675		 2		6
18		44		31		-1		535		655		 2		6
19		36		49		-1		16		136		 2		6
20		42		18		-1		454		694		 2		6
21		12		17		-1		66		186		 2		6
22		25		45		-1		0		360		 2		6
23		37		43		-1		56		176		 2		6
24		38		18		-1		360		720		 2		6
25		11		14		-1		505		625		 2		6
26		40		34		-1		360		720		 2		6
27		18		39		-1		0		360		 2		6
28		45		11		-1		477		597		 2		6
29		8		49		-1		0		360		 2		6
30		47		50		-1		448		568		 2		6
31		47		29		-1		164		284		 2		6
32		42		33		-1		5		125		 2		6
33		10		1		-1		0		360		 2		6
34		48		17		-1		195		315		 2		6
35		19		18		-1		0		360		 2		6
36		44		35		-1		0		360		 2		6
37		17		26		-1		273		513		 2		6
38		17		5		-1		4		124		 2		6
39		21		11		5		111		591		 1		4
40		41		17		5		0		720		 1		4
41		17		14		5		0		720		 1		4
42		29		40		4		0		720		 1		4
43		31		11		3		0		720		 1		4
44		13		12		5		0		720		 1		4
45		25		18		5		215		695		 1		4
46		36		11		4		0		720		 1		4
47		43		11		3		0		720		 1		4
48		26		22		5		170		650		 1		4
OPTION  LOCATION  CUSTOMER  PRIO  SERVICETIME   COST
0		42		0		0		2		0
1		48		1		0		2		0
2		42		2		0		2		0
3		41		3		0		2		0
4		44		4		0		2		0
5		39		5		0		2		0
6		45		6		0		2		0
7		45		7		0		2		0
8		41		8		0		2		0
9		45		9		0		2		0
10		46		10		0		2		0
11		41		11		0		2		0
12		1		12		0		5		0
13		2		13		0		5		0
14		3		14		0		5		0
15		4		15		0		5		0
16		5		16		0		5		0
17		6		17		0		5		0
18		7		18		0		5		0
19		8		19		0		5		0
20		9		20		0		5		0
21		10		21		0		5		0
22		11		22		0		5		0
23		12		23		0		5		0
24		13		24		0		5		0
25		41		24		1		2		0
26		14		25		1		5		0
27		44		25		0		2		0
28		15		26		1		5		0
29		44		26		0		2		0
30		16		27		1		5		0
31		46		27		0		2		0
32		17		28		1		5		0
33		40		28		0		2		0
34		18		29		0		5		0
35		39		29		1		2		0
36		19		30		0		5		0
37		45		30		1		2		0
38		20		31		0		5		0
39		45		31		1		2		0
40		21		32		0		5		0
41		43		32		1		2		0
42		22		33		1		5		0
43		43		33		0		2		0
44		23		34		0		5		0
45		48		34		1		2		0
46		24		35		0		5		0
47		47		35		1		2		0
48		25		36		1		5		0
49		40		36		0		2		0
50		26		37		1		5		0
51		39		37		0		2		0
52		27		38		1		5		0
53		41		38		0		2		0
54		28		39		0		5		0
55		41		39		1		2		0
56		29		40		1		5		0
57		44		40		0		2		0
58		30		41		0		5		0
59		48		41		1		2		0
60		31		42		1		5		0
61		42		42		0		2		0
62		32		43		0		5		0
63		45		43		1		2		0
64		33		44		1		5		0
65		39		44		0		2		0
66		34		45		0		5		0
67		47		45		1		2		0
68		35		46		0		5		0
69		39		46		1		2		0
70		36		47		0		5		0
71		48		47		1		2		0
72		37		48		0		5		0
73		45		48		1		2		0
74		38		49		1		5		0
75		44		49		0		2		0
