U_25_5.txt

VEHICLE     CAPACITY  LOCATIONS  CUSTOMER  OPTIONS  PRIORITIES  NUMTYPS
10		150		31		25		50		3		4

CUSTOMER  DEMAND
0	 19
1	 20
2	 17
3	 18
4	 14
5	 10
6	 20
7	 10
8	 20
9	 13
10	 15
11	 12
12	 11
13	 17
14	 17
15	 14
16	 15
17	 18
18	 10
19	 17
20	 15
21	 16
22	 15
23	 14
24	 10

LOCATION  XCOORD  YCOORD  CAP  READY  DUE  TYP  SERVICETIME
0		27		35		-1		0		720	 0		0
1		39		8		-1		0		360		 2		6
2		19		24		-1		464		584		 2		6
3		18		45		-1		22		142		 2		6
4		2		37		-1		413		653		 2		6
5		17		31		-1		125		245		 2		6
6		35		15		-1		0		360		 2		6
7		10		28		-1		0		360		 2		6
8		41		35		-1		0		360		 2		6
9		22		9		-1		0		360		 2		6
10		22		28		-1		423		663		 2		6
11		1		11		-1		0		360		 2		6
12		31		47		-1		360		720		 2		6
13		27		7		-1		412		532		 2		6
14		26		45		-1		31		151		 2		6
15		38		39		-1		150		270		 2		6
16		27		15		-1		0		360		 2		6
17		30		16		-1		360		720		 2		6
18		23		28		-1		179		299		 2		6
19		48		29		-1		360		720		 2		6
20		46		49		-1		442		562		 2		6
21		23		23		-1		187		307		 2		6
22		47		7		-1		519		639		 2		6
23		14		50		-1		0		360		 2		6
24		19		39		-1		298		538		 2		6
25		11		35		-1		360		720		 2		6
26		22		17		4		160		640		 1		4
27		15		24		4		83		563		 1		4
28		39		8		4		214		694		 1		4
29		11		26		4		159		639		 1		4
30		42		7		4		0		720		 1		4
OPTION  LOCATION  CUSTOMER  PRIO  SERVICETIME   COST
0		26		0		0		2		0
1		27		1		0		2		0
2		27		2		0		2		0
3		27		3		0		2		0
4		28		4		0		2		0
5		1		5		0		5		0
6		2		6		0		5		0
7		3		7		0		5		0
8		4		8		0		5		0
9		5		9		0		5		0
10		6		10		0		5		0
11		28		10		1		2		0
12		7		11		0		5		0
13		29		11		1		2		0
14		8		12		0		5		0
15		29		12		1		2		0
16		9		13		1		5		0
17		27		13		0		2		0
18		10		14		0		5		0
19		27		14		1		2		0
20		11		15		0		5		0
21		26		15		1		2		0
22		30		15		2		2		0
23		12		16		0		5		0
24		28		16		2		2		0
25		26		16		1		2		0
26		13		17		0		5		0
27		27		17		1		2		0
28		26		17		2		2		0
29		14		18		0		5		0
30		28		18		2		2		0
31		30		18		1		2		0
32		15		19		1		5		0
33		28		19		0		2		0
34		27		19		2		2		0
35		16		20		0		5		0
36		17		20		1		5		0
37		29		20		2		2		0
38		18		21		2		5		0
39		19		21		0		5		0
40		30		21		1		2		0
41		20		22		2		5		0
42		21		22		1		5		0
43		29		22		0		2		0
44		22		23		2		5		0
45		23		23		1		5		0
46		27		23		0		2		0
47		24		24		2		5		0
48		25		24		0		5		0
49		30		24		1		2		0
