U_25_8.txt

VEHICLE     CAPACITY  LOCATIONS  CUSTOMER  OPTIONS  PRIORITIES  NUMTYPS
10		150		31		25		50		3		4

CUSTOMER  DEMAND
0	 11
1	 16
2	 10
3	 18
4	 12
5	 12
6	 11
7	 19
8	 18
9	 10
10	 16
11	 14
12	 14
13	 19
14	 12
15	 20
16	 17
17	 11
18	 15
19	 14
20	 20
21	 18
22	 17
23	 19
24	 14

LOCATION  XCOORD  YCOORD  CAP  READY  DUE  TYP  SERVICETIME
0		43		22		-1		0		720	 0		0
1		10		28		-1		113		233		 2		6
2		1		21		-1		173		293		 2		6
3		11		27		-1		0		360		 2		6
4		17		15		-1		0		360		 2		6
5		43		4		-1		0		360		 2		6
6		8		32		-1		198		438		 2		6
7		13		19		-1		213		453		 2		6
8		34		48		-1		360		720		 2		6
9		9		8		-1		38		278		 2		6
10		50		36		-1		482		602		 2		6
11		23		33		-1		432		552		 2		6
12		5		36		-1		383		503		 2		6
13		14		43		-1		98		218		 2		6
14		24		5		-1		437		557		 2		6
15		12		14		-1		57		297		 2		6
16		28		15		-1		482		602		 2		6
17		49		20		-1		435		675		 2		6
18		22		35		-1		407		527		 2		6
19		6		1		-1		426		666		 2		6
20		35		27		-1		22		142		 2		6
21		2		6		-1		78		198		 2		6
22		6		33		-1		312		552		 2		6
23		10		29		-1		20		140		 2		6
24		14		3		-1		418		538		 2		6
25		28		36		-1		0		360		 2		6
26		13		5		2		0		720		 1		4
27		38		6		4		237		717		 1		4
28		10		25		4		77		557		 1		4
29		6		24		4		0		720		 1		4
30		34		40		2		0		720		 1		4
OPTION  LOCATION  CUSTOMER  PRIO  SERVICETIME   COST
0		29		0		0		2		0
1		29		1		0		2		0
2		26		2		0		2		0
3		30		3		0		2		0
4		26		4		0		2		0
5		1		5		0		5		0
6		2		6		0		5		0
7		3		7		0		5		0
8		4		8		0		5		0
9		5		9		0		5		0
10		6		10		1		5		0
11		26		10		0		2		0
12		7		11		0		5		0
13		27		11		1		2		0
14		8		12		1		5		0
15		29		12		0		2		0
16		9		13		0		5		0
17		30		13		1		2		0
18		10		14		0		5		0
19		29		14		1		2		0
20		11		15		2		5		0
21		26		15		0		2		0
22		29		15		1		2		0
23		12		16		1		5		0
24		26		16		0		2		0
25		28		16		2		2		0
26		13		17		2		5		0
27		29		17		0		2		0
28		26		17		1		2		0
29		14		18		1		5		0
30		27		18		2		2		0
31		30		18		0		2		0
32		15		19		0		5		0
33		28		19		1		2		0
34		27		19		2		2		0
35		16		20		1		5		0
36		17		20		0		5		0
37		26		20		2		2		0
38		18		21		0		5		0
39		19		21		1		5		0
40		29		21		2		2		0
41		20		22		0		5		0
42		21		22		1		5		0
43		29		22		2		2		0
44		22		23		1		5		0
45		23		23		0		5		0
46		27		23		2		2		0
47		24		24		2		5		0
48		25		24		0		5		0
49		28		24		1		2		0
