U_25_4.txt

VEHICLE     CAPACITY  LOCATIONS  CUSTOMER  OPTIONS  PRIORITIES  NUMTYPS
10		150		31		25		50		3		4

CUSTOMER  DEMAND
0	 15
1	 17
2	 12
3	 15
4	 13
5	 10
6	 18
7	 12
8	 16
9	 11
10	 14
11	 19
12	 14
13	 15
14	 17
15	 15
16	 10
17	 12
18	 17
19	 13
20	 20
21	 20
22	 16
23	 17
24	 18

LOCATION  XCOORD  YCOORD  CAP  READY  DUE  TYP  SERVICETIME
0		4		31		-1		0		720	 0		0
1		25		25		-1		421		661		 2		6
2		41		8		-1		407		647		 2		6
3		1		5		-1		360		720		 2		6
4		10		7		-1		90		330		 2		6
5		50		31		-1		488		608		 2		6
6		16		4		-1		0		360		 2		6
7		30		20		-1		0		360		 2		6
8		3		29		-1		360		720		 2		6
9		36		27		-1		0		360		 2		6
10		32		15		-1		86		326		 2		6
11		5		23		-1		0		360		 2		6
12		13		43		-1		569		689		 2		6
13		8		12		-1		429		669		 2		6
14		8		47		-1		566		686		 2		6
15		3		11		-1		19		139		 2		6
16		39		43		-1		0		360		 2		6
17		48		35		-1		528		648		 2		6
18		30		31		-1		75		195		 2		6
19		37		3		-1		430		670		 2		6
20		15		43		-1		594		714		 2		6
21		34		14		-1		130		370		 2		6
22		26		32		-1		360		720		 2		6
23		43		32		-1		597		717		 2		6
24		42		36		-1		32		152		 2		6
25		31		23		-1		131		251		 2		6
26		21		43		4		216		696		 1		4
27		24		44		3		0		720		 1		4
28		17		13		4		113		593		 1		4
29		9		15		2		0		720		 1		4
30		18		14		4		41		521		 1		4
OPTION  LOCATION  CUSTOMER  PRIO  SERVICETIME   COST
0		29		0		0		2		0
1		26		1		0		2		0
2		27		2		0		2		0
3		30		3		0		2		0
4		28		4		0		2		0
5		1		5		0		5		0
6		2		6		0		5		0
7		3		7		0		5		0
8		4		8		0		5		0
9		5		9		0		5		0
10		6		10		1		5		0
11		27		10		0		2		0
12		7		11		1		5		0
13		29		11		0		2		0
14		8		12		0		5		0
15		26		12		1		2		0
16		9		13		0		5		0
17		29		13		1		2		0
18		10		14		1		5		0
19		29		14		0		2		0
20		11		15		2		5		0
21		30		15		0		2		0
22		26		15		1		2		0
23		12		16		1		5		0
24		29		16		2		2		0
25		26		16		0		2		0
26		13		17		2		5		0
27		30		17		0		2		0
28		29		17		1		2		0
29		14		18		2		5		0
30		28		18		0		2		0
31		30		18		1		2		0
32		15		19		2		5		0
33		26		19		0		2		0
34		28		19		1		2		0
35		16		20		2		5		0
36		17		20		1		5		0
37		28		20		0		2		0
38		18		21		2		5		0
39		19		21		1		5		0
40		27		21		0		2		0
41		20		22		2		5		0
42		21		22		0		5		0
43		29		22		1		2		0
44		22		23		1		5		0
45		23		23		2		5		0
46		26		23		0		2		0
47		24		24		1		5		0
48		25		24		2		5		0
49		26		24		0		2		0
