U_25_6.txt

VEHICLE     CAPACITY  LOCATIONS  CUSTOMER  OPTIONS  PRIORITIES  NUMTYPS
10		150		31		25		50		3		4

CUSTOMER  DEMAND
0	 18
1	 11
2	 15
3	 15
4	 19
5	 20
6	 17
7	 10
8	 13
9	 18
10	 11
11	 15
12	 16
13	 14
14	 11
15	 17
16	 14
17	 19
18	 13
19	 17
20	 20
21	 20
22	 14
23	 12
24	 12

LOCATION  XCOORD  YCOORD  CAP  READY  DUE  TYP  SERVICETIME
0		37		20		-1		0		720	 0		0
1		50		1		-1		81		201		 2		6
2		36		44		-1		509		629		 2		6
3		38		18		-1		82		202		 2		6
4		11		43		-1		468		588		 2		6
5		10		7		-1		63		183		 2		6
6		37		37		-1		422		542		 2		6
7		44		17		-1		360		720		 2		6
8		14		6		-1		0		360		 2		6
9		45		43		-1		141		261		 2		6
10		26		38		-1		215		335		 2		6
11		16		3		-1		360		720		 2		6
12		17		6		-1		0		360		 2		6
13		36		8		-1		360		720		 2		6
14		22		6		-1		572		692		 2		6
15		47		7		-1		202		322		 2		6
16		7		45		-1		360		720		 2		6
17		41		49		-1		531		651		 2		6
18		16		36		-1		383		623		 2		6
19		12		42		-1		154		274		 2		6
20		47		38		-1		95		215		 2		6
21		20		40		-1		360		720		 2		6
22		35		21		-1		466		586		 2		6
23		4		23		-1		123		243		 2		6
24		9		28		-1		360		720		 2		6
25		34		36		-1		360		720		 2		6
26		15		35		4		163		643		 1		4
27		17		34		3		0		720		 1		4
28		38		5		4		197		677		 1		4
29		24		5		3		0		720		 1		4
30		24		36		4		129		609		 1		4
OPTION  LOCATION  CUSTOMER  PRIO  SERVICETIME   COST
0		30		0		0		2		0
1		29		1		0		2		0
2		28		2		0		2		0
3		27		3		0		2		0
4		28		4		0		2		0
5		1		5		0		5		0
6		2		6		0		5		0
7		3		7		0		5		0
8		4		8		0		5		0
9		5		9		0		5		0
10		6		10		0		5		0
11		29		10		1		2		0
12		7		11		1		5		0
13		29		11		0		2		0
14		8		12		1		5		0
15		27		12		0		2		0
16		9		13		1		5		0
17		27		13		0		2		0
18		10		14		1		5		0
19		29		14		0		2		0
20		11		15		0		5		0
21		30		15		2		2		0
22		27		15		1		2		0
23		12		16		2		5		0
24		26		16		1		2		0
25		30		16		0		2		0
26		13		17		1		5		0
27		27		17		2		2		0
28		30		17		0		2		0
29		14		18		0		5		0
30		28		18		1		2		0
31		26		18		2		2		0
32		15		19		2		5		0
33		27		19		0		2		0
34		30		19		1		2		0
35		16		20		0		5		0
36		17		20		2		5		0
37		28		20		1		2		0
38		18		21		0		5		0
39		19		21		1		5		0
40		29		21		2		2		0
41		20		22		0		5		0
42		21		22		1		5		0
43		26		22		2		2		0
44		22		23		2		5		0
45		23		23		0		5		0
46		27		23		1		2		0
47		24		24		2		5		0
48		25		24		1		5		0
49		26		24		0		2		0
