U_25_2.txt

VEHICLE     CAPACITY  LOCATIONS  CUSTOMER  OPTIONS  PRIORITIES  NUMTYPS
10		150		31		25		50		3		4

CUSTOMER  DEMAND
0	 18
1	 18
2	 11
3	 15
4	 17
5	 10
6	 12
7	 12
8	 11
9	 15
10	 18
11	 19
12	 17
13	 15
14	 13
15	 12
16	 10
17	 17
18	 14
19	 12
20	 20
21	 15
22	 15
23	 16
24	 18

LOCATION  XCOORD  YCOORD  CAP  READY  DUE  TYP  SERVICETIME
0		3		19		-1		0		720	 0		0
1		3		17		-1		324		564		 2		6
2		45		39		-1		578		698		 2		6
3		2		38		-1		0		360		 2		6
4		8		38		-1		562		682		 2		6
5		43		8		-1		0		360		 2		6
6		29		19		-1		199		319		 2		6
7		30		20		-1		467		587		 2		6
8		47		47		-1		6		246		 2		6
9		19		28		-1		422		542		 2		6
10		42		5		-1		0		360		 2		6
11		46		45		-1		124		244		 2		6
12		11		40		-1		461		701		 2		6
13		41		43		-1		101		341		 2		6
14		3		30		-1		582		702		 2		6
15		18		35		-1		360		720		 2		6
16		33		29		-1		391		631		 2		6
17		22		45		-1		0		120		 2		6
18		13		8		-1		0		360		 2		6
19		43		33		-1		240		360		 2		6
20		15		5		-1		360		720		 2		6
21		40		26		-1		117		357		 2		6
22		36		13		-1		449		569		 2		6
23		4		3		-1		360		720		 2		6
24		24		28		-1		364		484		 2		6
25		34		37		-1		360		720		 2		6
26		15		40		4		29		509		 1		4
27		16		8		3		0		720		 1		4
28		11		44		4		131		611		 1		4
29		41		36		4		0		720		 1		4
30		27		12		3		0		720		 1		4
OPTION  LOCATION  CUSTOMER  PRIO  SERVICETIME   COST
0		26		0		0		2		0
1		30		1		0		2		0
2		26		2		0		2		0
3		26		3		0		2		0
4		26		4		0		2		0
5		1		5		0		5		0
6		2		6		0		5		0
7		3		7		0		5		0
8		4		8		0		5		0
9		5		9		0		5		0
10		6		10		0		5		0
11		27		10		1		2		0
12		7		11		0		5		0
13		26		11		1		2		0
14		8		12		0		5		0
15		26		12		1		2		0
16		9		13		1		5		0
17		30		13		0		2		0
18		10		14		1		5		0
19		26		14		0		2		0
20		11		15		1		5		0
21		26		15		0		2		0
22		30		15		2		2		0
23		12		16		1		5		0
24		30		16		2		2		0
25		28		16		0		2		0
26		13		17		2		5		0
27		27		17		0		2		0
28		26		17		1		2		0
29		14		18		2		5		0
30		30		18		0		2		0
31		26		18		1		2		0
32		15		19		0		5		0
33		30		19		1		2		0
34		28		19		2		2		0
35		16		20		0		5		0
36		17		20		1		5		0
37		30		20		2		2		0
38		18		21		0		5		0
39		19		21		1		5		0
40		29		21		2		2		0
41		20		22		0		5		0
42		21		22		1		5		0
43		29		22		2		2		0
44		22		23		2		5		0
45		23		23		0		5		0
46		29		23		1		2		0
47		24		24		0		5		0
48		25		24		1		5		0
49		30		24		2		2		0
