V_50_4.txt

VEHICLE     CAPACITY  LOCATIONS  CUSTOMER  OPTIONS  PRIORITIES  NUMTYPS
10		150		49		50		76		3		4

CUSTOMER  DEMAND
0	 18
1	 13
2	 17
3	 18
4	 12
5	 16
6	 14
7	 12
8	 13
9	 17
10	 10
11	 19
12	 11
13	 16
14	 17
15	 14
16	 10
17	 13
18	 16
19	 14
20	 12
21	 20
22	 10
23	 16
24	 13
25	 16
26	 12
27	 12
28	 18
29	 13
30	 10
31	 14
32	 18
33	 17
34	 20
35	 20
36	 19
37	 17
38	 14
39	 18
40	 18
41	 12
42	 12
43	 18
44	 20
45	 19
46	 18
47	 11
48	 10
49	 13

LOCATION  XCOORD  YCOORD  CAP  READY  DUE  TYP  SERVICETIME
0		10		19		-1		0		720	 0		0
1		33		26		-1		77		197		 2		6
2		27		49		-1		138		378		 2		6
3		36		40		-1		507		627		 2		6
4		48		40		-1		438		558		 2		6
5		31		38		-1		579		699		 2		6
6		15		12		-1		1		121		 2		6
7		15		26		-1		360		720		 2		6
8		3		3		-1		0		360		 2		6
9		20		24		-1		360		720		 2		6
10		12		35		-1		184		304		 2		6
11		9		15		-1		360		720		 2		6
12		2		36		-1		200		320		 2		6
13		47		1		-1		588		708		 2		6
14		31		12		-1		599		719		 2		6
15		15		7		-1		404		524		 2		6
16		46		48		-1		456		576		 2		6
17		11		33		-1		62		302		 2		6
18		38		2		-1		360		720		 2		6
19		6		43		-1		490		610		 2		6
20		33		8		-1		360		720		 2		6
21		9		16		-1		419		659		 2		6
22		11		6		-1		360		720		 2		6
23		25		21		-1		366		486		 2		6
24		38		24		-1		360		720		 2		6
25		24		33		-1		360		720		 2		6
26		33		16		-1		369		489		 2		6
27		19		29		-1		360		720		 2		6
28		33		32		-1		219		339		 2		6
29		38		25		-1		421		541		 2		6
30		30		32		-1		11		131		 2		6
31		36		23		-1		360		720		 2		6
32		50		42		-1		360		720		 2		6
33		17		16		-1		92		212		 2		6
34		24		48		-1		360		720		 2		6
35		12		27		-1		580		700		 2		6
36		33		42		-1		345		585		 2		6
37		15		39		-1		96		216		 2		6
38		8		1		-1		360		720		 2		6
39		39		24		5		90		570		 1		4
40		8		12		5		18		498		 1		4
41		11		21		5		0		720		 1		4
42		35		42		5		141		621		 1		4
43		8		24		5		194		674		 1		4
44		31		31		5		92		572		 1		4
45		37		13		5		34		514		 1		4
46		33		42		5		171		651		 1		4
47		18		35		5		133		613		 1		4
48		19		32		5		30		510		 1		4
OPTION  LOCATION  CUSTOMER  PRIO  SERVICETIME   COST
0		44		0		0		2		0
1		47		1		0		2		0
2		39		2		0		2		0
3		45		3		0		2		0
4		45		4		0		2		0
5		45		5		0		2		0
6		39		6		0		2		0
7		40		7		0		2		0
8		39		8		0		2		0
9		45		9		0		2		0
10		40		10		0		2		0
11		45		11		0		2		0
12		1		12		0		5		0
13		2		13		0		5		0
14		3		14		0		5		0
15		4		15		0		5		0
16		5		16		0		5		0
17		6		17		0		5		0
18		7		18		0		5		0
19		8		19		0		5		0
20		9		20		0		5		0
21		10		21		0		5		0
22		11		22		0		5		0
23		12		23		0		5		0
24		13		24		1		5		0
25		43		24		0		2		0
26		14		25		0		5		0
27		39		25		1		2		0
28		15		26		0		5		0
29		42		26		1		2		0
30		16		27		0		5		0
31		41		27		1		2		0
32		17		28		1		5		0
33		48		28		0		2		0
34		18		29		0		5		0
35		44		29		1		2		0
36		19		30		1		5		0
37		46		30		0		2		0
38		20		31		0		5		0
39		41		31		1		2		0
40		21		32		0		5		0
41		47		32		1		2		0
42		22		33		1		5		0
43		42		33		0		2		0
44		23		34		1		5		0
45		41		34		0		2		0
46		24		35		0		5		0
47		46		35		1		2		0
48		25		36		1		5		0
49		47		36		0		2		0
50		26		37		0		5		0
51		44		37		1		2		0
52		27		38		1		5		0
53		44		38		0		2		0
54		28		39		0		5		0
55		39		39		1		2		0
56		29		40		0		5		0
57		48		40		1		2		0
58		30		41		0		5		0
59		42		41		1		2		0
60		31		42		1		5		0
61		42		42		0		2		0
62		32		43		1		5		0
63		47		43		0		2		0
64		33		44		1		5		0
65		46		44		0		2		0
66		34		45		0		5		0
67		42		45		1		2		0
68		35		46		0		5		0
69		48		46		1		2		0
70		36		47		1		5		0
71		41		47		0		2		0
72		37		48		0		5		0
73		43		48		1		2		0
74		38		49		1		5		0
75		44		49		0		2		0
