V_50_5.txt

VEHICLE     CAPACITY  LOCATIONS  CUSTOMER  OPTIONS  PRIORITIES  NUMTYPS
10		150		49		50		76		3		4

CUSTOMER  DEMAND
0	 11
1	 20
2	 16
3	 16
4	 14
5	 13
6	 14
7	 12
8	 12
9	 15
10	 14
11	 16
12	 16
13	 12
14	 12
15	 15
16	 20
17	 11
18	 18
19	 18
20	 14
21	 17
22	 14
23	 16
24	 11
25	 19
26	 17
27	 18
28	 14
29	 14
30	 17
31	 18
32	 15
33	 12
34	 19
35	 13
36	 15
37	 10
38	 14
39	 10
40	 15
41	 19
42	 14
43	 17
44	 19
45	 11
46	 14
47	 14
48	 11
49	 13

LOCATION  XCOORD  YCOORD  CAP  READY  DUE  TYP  SERVICETIME
0		24		26		-1		0		720	 0		0
1		8		13		-1		87		207		 2		6
2		23		16		-1		389		509		 2		6
3		38		16		-1		61		301		 2		6
4		1		28		-1		220		340		 2		6
5		16		5		-1		130		250		 2		6
6		4		23		-1		0		360		 2		6
7		47		26		-1		126		246		 2		6
8		40		21		-1		0		360		 2		6
9		5		15		-1		460		580		 2		6
10		47		19		-1		0		360		 2		6
11		18		8		-1		544		664		 2		6
12		15		2		-1		382		622		 2		6
13		50		23		-1		298		538		 2		6
14		14		46		-1		0		360		 2		6
15		47		9		-1		0		360		 2		6
16		44		27		-1		463		583		 2		6
17		5		5		-1		0		360		 2		6
18		49		6		-1		360		720		 2		6
19		30		6		-1		180		300		 2		6
20		10		23		-1		0		360		 2		6
21		24		40		-1		544		664		 2		6
22		27		4		-1		360		720		 2		6
23		33		32		-1		174		414		 2		6
24		17		13		-1		434		554		 2		6
25		31		44		-1		0		360		 2		6
26		13		9		-1		360		720		 2		6
27		48		9		-1		360		720		 2		6
28		41		12		-1		0		360		 2		6
29		2		23		-1		0		360		 2		6
30		22		49		-1		362		482		 2		6
31		48		30		-1		315		555		 2		6
32		28		47		-1		379		499		 2		6
33		42		47		-1		364		484		 2		6
34		47		7		-1		571		691		 2		6
35		38		36		-1		375		495		 2		6
36		47		26		-1		147		267		 2		6
37		42		48		-1		214		334		 2		6
38		6		36		-1		67		187		 2		6
39		25		18		5		159		639		 1		4
40		35		28		5		212		692		 1		4
41		13		9		5		18		498		 1		4
42		34		13		5		127		607		 1		4
43		40		43		3		0		720		 1		4
44		30		34		5		238		718		 1		4
45		25		23		5		0		720		 1		4
46		39		31		3		0		720		 1		4
47		25		14		5		154		634		 1		4
48		13		36		4		0		720		 1		4
OPTION  LOCATION  CUSTOMER  PRIO  SERVICETIME   COST
0		40		0		0		2		0
1		47		1		0		2		0
2		43		2		0		2		0
3		40		3		0		2		0
4		46		4		0		2		0
5		39		5		0		2		0
6		47		6		0		2		0
7		39		7		0		2		0
8		43		8		0		2		0
9		47		9		0		2		0
10		40		10		0		2		0
11		40		11		0		2		0
12		1		12		0		5		0
13		2		13		0		5		0
14		3		14		0		5		0
15		4		15		0		5		0
16		5		16		0		5		0
17		6		17		0		5		0
18		7		18		0		5		0
19		8		19		0		5		0
20		9		20		0		5		0
21		10		21		0		5		0
22		11		22		0		5		0
23		12		23		0		5		0
24		13		24		0		5		0
25		42		24		1		2		0
26		14		25		1		5		0
27		39		25		0		2		0
28		15		26		1		5		0
29		40		26		0		2		0
30		16		27		1		5		0
31		39		27		0		2		0
32		17		28		1		5		0
33		47		28		0		2		0
34		18		29		1		5		0
35		40		29		0		2		0
36		19		30		1		5		0
37		47		30		0		2		0
38		20		31		1		5		0
39		39		31		0		2		0
40		21		32		1		5		0
41		43		32		0		2		0
42		22		33		1		5		0
43		45		33		0		2		0
44		23		34		1		5		0
45		46		34		0		2		0
46		24		35		0		5		0
47		48		35		1		2		0
48		25		36		1		5		0
49		46		36		0		2		0
50		26		37		0		5		0
51		44		37		1		2		0
52		27		38		0		5		0
53		48		38		1		2		0
54		28		39		0		5		0
55		39		39		1		2		0
56		29		40		0		5		0
57		47		40		1		2		0
58		30		41		0		5		0
59		40		41		1		2		0
60		31		42		0		5		0
61		40		42		1		2		0
62		32		43		1		5		0
63		41		43		0		2		0
64		33		44		0		5		0
65		40		44		1		2		0
66		34		45		1		5		0
67		39		45		0		2		0
68		35		46		0		5		0
69		40		46		1		2		0
70		36		47		1		5		0
71		40		47		0		2		0
72		37		48		0		5		0
73		40		48		1		2		0
74		38		49		0		5		0
75		41		49		1		2		0
