U_50small_8.txt

VEHICLE     CAPACITY  LOCATIONS  CUSTOMER  OPTIONS  PRIORITIES  NUMTYPS
10		150		61		50		100		3		4

CUSTOMER  DEMAND
0	 10
1	 10
2	 16
3	 17
4	 17
5	 17
6	 20
7	 19
8	 20
9	 14
10	 13
11	 15
12	 11
13	 14
14	 14
15	 13
16	 11
17	 19
18	 14
19	 10
20	 18
21	 12
22	 17
23	 15
24	 17
25	 14
26	 13
27	 19
28	 16
29	 15
30	 16
31	 19
32	 16
33	 19
34	 17
35	 17
36	 14
37	 13
38	 13
39	 20
40	 14
41	 19
42	 14
43	 17
44	 10
45	 19
46	 16
47	 19
48	 13
49	 16

LOCATION  XCOORD  YCOORD  CAP  READY  DUE  TYP  SERVICETIME
0		47		46		-1		0		720	 0		0
1		26		24		-1		313		373		 2		6
2		12		26		-1		484		544		 2		6
3		2		50		-1		210		270		 2		6
4		30		29		-1		643		703		 2		6
5		1		24		-1		126		186		 2		6
6		23		21		-1		365		425		 2		6
7		41		11		-1		373		433		 2		6
8		43		9		-1		534		594		 2		6
9		38		12		-1		65		125		 2		6
10		25		47		-1		422		482		 2		6
11		43		31		-1		173		233		 2		6
12		49		15		-1		402		462		 2		6
13		44		10		-1		345		405		 2		6
14		48		46		-1		516		576		 2		6
15		8		12		-1		247		307		 2		6
16		28		29		-1		166		226		 2		6
17		7		16		-1		568		628		 2		6
18		42		32		-1		213		273		 2		6
19		4		46		-1		184		244		 2		6
20		25		47		-1		612		672		 2		6
21		43		43		-1		337		397		 2		6
22		17		34		-1		537		597		 2		6
23		41		39		-1		109		169		 2		6
24		31		45		-1		151		211		 2		6
25		20		26		-1		256		316		 2		6
26		36		11		-1		580		640		 2		6
27		37		43		-1		655		715		 2		6
28		29		29		-1		32		92		 2		6
29		39		1		-1		100		160		 2		6
30		45		15		-1		332		392		 2		6
31		39		6		-1		68		128		 2		6
32		45		4		-1		486		546		 2		6
33		19		33		-1		581		641		 2		6
34		32		17		-1		464		524		 2		6
35		25		15		-1		232		292		 2		6
36		15		14		-1		424		484		 2		6
37		26		4		-1		527		587		 2		6
38		18		10		-1		318		378		 2		6
39		8		38		-1		526		586		 2		6
40		30		14		-1		631		691		 2		6
41		22		9		-1		597		657		 2		6
42		25		14		-1		155		215		 2		6
43		35		6		-1		142		202		 2		6
44		4		22		-1		402		462		 2		6
45		18		33		-1		72		132		 2		6
46		32		19		-1		94		154		 2		6
47		43		2		-1		169		229		 2		6
48		26		31		-1		241		301		 2		6
49		3		31		-1		157		217		 2		6
50		29		31		-1		575		635		 2		6
51		5		15		5		228		468		 1		4
52		13		35		5		159		399		 1		4
53		13		33		3		437		677		 1		4
54		36		24		3		407		647		 1		4
55		35		40		4		195		435		 1		4
56		27		13		4		469		709		 1		4
57		43		11		3		332		572		 1		4
58		17		26		5		417		657		 1		4
59		41		25		3		79		319		 1		4
60		38		40		5		389		629		 1		4
OPTION  LOCATION  CUSTOMER  PRIO  SERVICETIME   COST
0		60		0		0		2		0
1		56		1		0		2		0
2		57		2		0		2		0
3		54		3		0		2		0
4		55		4		0		2		0
5		51		5		0		2		0
6		56		6		0		2		0
7		53		7		0		2		0
8		55		8		0		2		0
9		59		9		0		2		0
10		1		10		0		5		0
11		2		11		0		5		0
12		3		12		0		5		0
13		4		13		0		5		0
14		5		14		0		5		0
15		6		15		0		5		0
16		7		16		0		5		0
17		8		17		0		5		0
18		9		18		0		5		0
19		10		19		0		5		0
20		11		20		0		5		0
21		54		20		1		2		0
22		12		21		0		5		0
23		59		21		1		2		0
24		13		22		1		5		0
25		60		22		0		2		0
26		14		23		1		5		0
27		55		23		0		2		0
28		15		24		1		5		0
29		55		24		0		2		0
30		16		25		0		5		0
31		59		25		1		2		0
32		17		26		1		5		0
33		53		26		0		2		0
34		18		27		1		5		0
35		58		27		0		2		0
36		19		28		1		5		0
37		54		28		0		2		0
38		20		29		1		5		0
39		52		29		0		2		0
40		21		30		1		5		0
41		59		30		2		2		0
42		52		30		0		2		0
43		22		31		0		5		0
44		52		31		1		2		0
45		57		31		2		2		0
46		23		32		0		5		0
47		54		32		1		2		0
48		55		32		2		2		0
49		24		33		0		5		0
50		54		33		2		2		0
51		59		33		1		2		0
52		25		34		2		5		0
53		56		34		0		2		0
54		51		34		1		2		0
55		26		35		1		5		0
56		58		35		2		2		0
57		60		35		0		2		0
58		27		36		0		5		0
59		59		36		1		2		0
60		52		36		2		2		0
61		28		37		2		5		0
62		60		37		0		2		0
63		55		37		1		2		0
64		29		38		0		5		0
65		58		38		1		2		0
66		56		38		2		2		0
67		30		39		1		5		0
68		60		39		2		2		0
69		52		39		0		2		0
70		31		40		0		5		0
71		32		40		1		5		0
72		56		40		2		2		0
73		33		41		0		5		0
74		34		41		2		5		0
75		52		41		1		2		0
76		35		42		1		5		0
77		36		42		2		5		0
78		58		42		0		2		0
79		37		43		2		5		0
80		38		43		0		5		0
81		58		43		1		2		0
82		39		44		1		5		0
83		40		44		2		5		0
84		53		44		0		2		0
85		41		45		2		5		0
86		42		45		1		5		0
87		51		45		0		2		0
88		43		46		1		5		0
89		44		46		0		5		0
90		56		46		2		2		0
91		45		47		1		5		0
92		46		47		2		5		0
93		52		47		0		2		0
94		47		48		0		5		0
95		48		48		1		5		0
96		56		48		2		2		0
97		49		49		0		5		0
98		50		49		2		5		0
99		55		49		1		2		0
