U_50small_10.txt

VEHICLE     CAPACITY  LOCATIONS  CUSTOMER  OPTIONS  PRIORITIES  NUMTYPS
10		150		61		50		100		3		4

CUSTOMER  DEMAND
0	 13
1	 15
2	 16
3	 19
4	 10
5	 18
6	 11
7	 12
8	 10
9	 12
10	 17
11	 14
12	 15
13	 19
14	 12
15	 10
16	 15
17	 15
18	 12
19	 10
20	 15
21	 14
22	 16
23	 16
24	 20
25	 19
26	 19
27	 20
28	 18
29	 10
30	 11
31	 15
32	 13
33	 19
34	 20
35	 14
36	 12
37	 10
38	 19
39	 14
40	 19
41	 19
42	 12
43	 11
44	 19
45	 18
46	 20
47	 11
48	 17
49	 18

LOCATION  XCOORD  YCOORD  CAP  READY  DUE  TYP  SERVICETIME
0		15		25		-1		0		720	 0		0
1		10		13		-1		325		385		 2		6
2		38		10		-1		488		548		 2		6
3		48		36		-1		347		407		 2		6
4		3		21		-1		456		516		 2		6
5		15		40		-1		121		181		 2		6
6		17		1		-1		297		357		 2		6
7		4		18		-1		580		640		 2		6
8		24		29		-1		158		218		 2		6
9		10		16		-1		104		164		 2		6
10		10		32		-1		98		158		 2		6
11		2		3		-1		398		458		 2		6
12		6		8		-1		444		504		 2		6
13		28		7		-1		178		238		 2		6
14		46		3		-1		291		351		 2		6
15		16		28		-1		45		105		 2		6
16		38		30		-1		467		527		 2		6
17		31		32		-1		47		107		 2		6
18		23		9		-1		270		330		 2		6
19		14		8		-1		447		507		 2		6
20		18		31		-1		371		431		 2		6
21		9		42		-1		325		385		 2		6
22		30		50		-1		654		714		 2		6
23		19		38		-1		515		575		 2		6
24		21		37		-1		223		283		 2		6
25		41		23		-1		239		299		 2		6
26		22		16		-1		145		205		 2		6
27		48		3		-1		445		505		 2		6
28		39		29		-1		80		140		 2		6
29		47		11		-1		391		451		 2		6
30		50		7		-1		125		185		 2		6
31		15		40		-1		257		317		 2		6
32		42		9		-1		500		560		 2		6
33		30		44		-1		162		222		 2		6
34		31		22		-1		285		345		 2		6
35		38		28		-1		643		703		 2		6
36		14		44		-1		82		142		 2		6
37		23		3		-1		389		449		 2		6
38		34		12		-1		324		384		 2		6
39		13		19		-1		320		380		 2		6
40		32		22		-1		183		243		 2		6
41		20		25		-1		375		435		 2		6
42		9		49		-1		238		298		 2		6
43		28		13		-1		324		384		 2		6
44		4		28		-1		177		237		 2		6
45		37		45		-1		333		393		 2		6
46		50		27		-1		100		160		 2		6
47		42		28		-1		507		567		 2		6
48		47		28		-1		585		645		 2		6
49		38		41		-1		187		247		 2		6
50		10		43		-1		557		617		 2		6
51		12		18		3		195		435		 1		4
52		7		12		5		321		561		 1		4
53		8		45		5		347		587		 1		4
54		15		41		4		137		377		 1		4
55		10		19		4		340		580		 1		4
56		10		15		4		374		614		 1		4
57		7		7		4		39		279		 1		4
58		9		36		5		318		558		 1		4
59		12		24		5		167		407		 1		4
60		45		39		5		293		533		 1		4
OPTION  LOCATION  CUSTOMER  PRIO  SERVICETIME   COST
0		59		0		0		2		0
1		52		1		0		2		0
2		55		2		0		2		0
3		54		3		0		2		0
4		55		4		0		2		0
5		55		5		0		2		0
6		52		6		0		2		0
7		60		7		0		2		0
8		59		8		0		2		0
9		58		9		0		2		0
10		1		10		0		5		0
11		2		11		0		5		0
12		3		12		0		5		0
13		4		13		0		5		0
14		5		14		0		5		0
15		6		15		0		5		0
16		7		16		0		5		0
17		8		17		0		5		0
18		9		18		0		5		0
19		10		19		0		5		0
20		11		20		0		5		0
21		51		20		1		2		0
22		12		21		0		5		0
23		55		21		1		2		0
24		13		22		0		5		0
25		57		22		1		2		0
26		14		23		0		5		0
27		53		23		1		2		0
28		15		24		0		5		0
29		59		24		1		2		0
30		16		25		1		5		0
31		52		25		0		2		0
32		17		26		0		5		0
33		59		26		1		2		0
34		18		27		1		5		0
35		56		27		0		2		0
36		19		28		1		5		0
37		55		28		0		2		0
38		20		29		0		5		0
39		60		29		1		2		0
40		21		30		1		5		0
41		58		30		2		2		0
42		54		30		0		2		0
43		22		31		0		5		0
44		53		31		1		2		0
45		58		31		2		2		0
46		23		32		2		5		0
47		53		32		0		2		0
48		59		32		1		2		0
49		24		33		0		5		0
50		53		33		1		2		0
51		51		33		2		2		0
52		25		34		1		5		0
53		59		34		0		2		0
54		51		34		2		2		0
55		26		35		0		5		0
56		52		35		1		2		0
57		56		35		2		2		0
58		27		36		0		5		0
59		56		36		1		2		0
60		52		36		2		2		0
61		28		37		1		5		0
62		51		37		2		2		0
63		56		37		0		2		0
64		29		38		0		5		0
65		55		38		2		2		0
66		51		38		1		2		0
67		30		39		0		5		0
68		55		39		1		2		0
69		51		39		2		2		0
70		31		40		2		5		0
71		32		40		0		5		0
72		53		40		1		2		0
73		33		41		1		5		0
74		34		41		2		5		0
75		55		41		0		2		0
76		35		42		0		5		0
77		36		42		2		5		0
78		53		42		1		2		0
79		37		43		0		5		0
80		38		43		1		5		0
81		57		43		2		2		0
82		39		44		2		5		0
83		40		44		0		5		0
84		52		44		1		2		0
85		41		45		0		5		0
86		42		45		1		5		0
87		51		45		2		2		0
88		43		46		0		5		0
89		44		46		1		5		0
90		56		46		2		2		0
91		45		47		0		5		0
92		46		47		1		5		0
93		54		47		2		2		0
94		47		48		2		5		0
95		48		48		0		5		0
96		51		48		1		2		0
97		49		49		2		5		0
98		50		49		0		5		0
99		60		49		1		2		0
