V_25medium_1.txt

VEHICLE     CAPACITY  LOCATIONS  CUSTOMER  OPTIONS  PRIORITIES  NUMTYPS
10		150		25		25		38		3		4

CUSTOMER  DEMAND
0	 20
1	 16
2	 11
3	 11
4	 20
5	 10
6	 20
7	 17
8	 18
9	 15
10	 14
11	 17
12	 18
13	 13
14	 11
15	 17
16	 16
17	 11
18	 12
19	 19
20	 11
21	 14
22	 15
23	 11
24	 18

LOCATION  XCOORD  YCOORD  CAP  READY  DUE  TYP  SERVICETIME
0		12		17		-1		0		720	 0		0
1		14		45		-1		72		192		 2		6
2		28		15		-1		442		562		 2		6
3		26		49		-1		237		357		 2		6
4		50		46		-1		262		382		 2		6
5		35		36		-1		118		238		 2		6
6		6		1		-1		560		680		 2		6
7		45		35		-1		318		438		 2		6
8		5		5		-1		12		132		 2		6
9		6		4		-1		194		314		 2		6
10		6		33		-1		495		615		 2		6
11		33		10		-1		342		462		 2		6
12		5		5		-1		167		287		 2		6
13		3		40		-1		145		265		 2		6
14		28		36		-1		220		340		 2		6
15		11		2		-1		54		174		 2		6
16		50		9		-1		494		614		 2		6
17		2		18		-1		88		208		 2		6
18		50		7		-1		298		418		 2		6
19		30		5		-1		193		313		 2		6
20		6		24		5		4		484		 1		4
21		34		34		3		205		685		 1		4
22		27		14		4		160		640		 1		4
23		13		42		5		45		525		 1		4
24		27		27		5		131		611		 1		4
OPTION  LOCATION  CUSTOMER  PRIO  SERVICETIME   COST
0		22		0		0		2		0
1		22		1		0		2		0
2		20		2		0		2		0
3		23		3		0		2		0
4		21		4		0		2		0
5		23		5		0		2		0
6		1		6		0		5		0
7		2		7		0		5		0
8		3		8		0		5		0
9		4		9		0		5		0
10		5		10		0		5		0
11		6		11		0		5		0
12		7		12		1		5		0
13		24		12		0		2		0
14		8		13		1		5		0
15		21		13		0		2		0
16		9		14		0		5		0
17		20		14		1		2		0
18		10		15		1		5		0
19		24		15		0		2		0
20		11		16		1		5		0
21		24		16		0		2		0
22		12		17		1		5		0
23		23		17		0		2		0
24		13		18		1		5		0
25		24		18		0		2		0
26		14		19		1		5		0
27		24		19		0		2		0
28		15		20		1		5		0
29		22		20		0		2		0
30		16		21		1		5		0
31		24		21		0		2		0
32		17		22		0		5		0
33		20		22		1		2		0
34		18		23		1		5		0
35		23		23		0		2		0
36		19		24		1		5		0
37		21		24		0		2		0
