V_25medium_9.txt

VEHICLE     CAPACITY  LOCATIONS  CUSTOMER  OPTIONS  PRIORITIES  NUMTYPS
10		150		25		25		38		3		4

CUSTOMER  DEMAND
0	 18
1	 12
2	 13
3	 17
4	 12
5	 16
6	 17
7	 19
8	 10
9	 15
10	 20
11	 20
12	 10
13	 10
14	 18
15	 18
16	 20
17	 12
18	 20
19	 14
20	 14
21	 13
22	 17
23	 19
24	 14

LOCATION  XCOORD  YCOORD  CAP  READY  DUE  TYP  SERVICETIME
0		27		9		-1		0		720	 0		0
1		7		6		-1		438		558		 2		6
2		7		3		-1		478		598		 2		6
3		26		47		-1		443		563		 2		6
4		38		17		-1		316		436		 2		6
5		13		14		-1		16		136		 2		6
6		20		9		-1		100		220		 2		6
7		5		19		-1		546		666		 2		6
8		15		42		-1		313		433		 2		6
9		49		37		-1		71		191		 2		6
10		17		35		-1		243		363		 2		6
11		42		39		-1		268		388		 2		6
12		40		17		-1		204		324		 2		6
13		42		10		-1		539		659		 2		6
14		28		45		-1		524		644		 2		6
15		33		19		-1		39		159		 2		6
16		46		6		-1		535		655		 2		6
17		22		30		-1		341		461		 2		6
18		28		34		-1		462		582		 2		6
19		36		19		-1		395		515		 2		6
20		43		38		5		171		651		 1		4
21		17		6		5		45		525		 1		4
22		23		40		3		211		691		 1		4
23		10		16		5		68		548		 1		4
24		25		37		4		88		568		 1		4
OPTION  LOCATION  CUSTOMER  PRIO  SERVICETIME   COST
0		20		0		0		2		0
1		24		1		0		2		0
2		23		2		0		2		0
3		20		3		0		2		0
4		20		4		0		2		0
5		22		5		0		2		0
6		1		6		0		5		0
7		2		7		0		5		0
8		3		8		0		5		0
9		4		9		0		5		0
10		5		10		0		5		0
11		6		11		0		5		0
12		7		12		1		5		0
13		24		12		0		2		0
14		8		13		1		5		0
15		24		13		0		2		0
16		9		14		1		5		0
17		21		14		0		2		0
18		10		15		0		5		0
19		24		15		1		2		0
20		11		16		0		5		0
21		22		16		1		2		0
22		12		17		0		5		0
23		22		17		1		2		0
24		13		18		0		5		0
25		24		18		1		2		0
26		14		19		1		5		0
27		24		19		0		2		0
28		15		20		0		5		0
29		21		20		1		2		0
30		16		21		1		5		0
31		21		21		0		2		0
32		17		22		0		5		0
33		21		22		1		2		0
34		18		23		0		5		0
35		21		23		1		2		0
36		19		24		1		5		0
37		22		24		0		2		0
