V_25medium_7.txt

VEHICLE     CAPACITY  LOCATIONS  CUSTOMER  OPTIONS  PRIORITIES  NUMTYPS
10		150		25		25		38		3		4

CUSTOMER  DEMAND
0	 12
1	 20
2	 12
3	 19
4	 20
5	 17
6	 19
7	 10
8	 13
9	 10
10	 13
11	 15
12	 18
13	 10
14	 15
15	 17
16	 18
17	 13
18	 12
19	 16
20	 20
21	 20
22	 15
23	 12
24	 17

LOCATION  XCOORD  YCOORD  CAP  READY  DUE  TYP  SERVICETIME
0		47		24		-1		0		720	 0		0
1		10		44		-1		66		186		 2		6
2		35		21		-1		253		373		 2		6
3		4		48		-1		66		186		 2		6
4		19		40		-1		585		705		 2		6
5		44		12		-1		72		192		 2		6
6		22		34		-1		96		216		 2		6
7		6		10		-1		33		153		 2		6
8		15		34		-1		327		447		 2		6
9		39		3		-1		578		698		 2		6
10		5		40		-1		310		430		 2		6
11		7		46		-1		519		639		 2		6
12		16		5		-1		43		163		 2		6
13		24		44		-1		145		265		 2		6
14		3		5		-1		537		657		 2		6
15		22		26		-1		435		555		 2		6
16		1		29		-1		32		152		 2		6
17		8		44		-1		319		439		 2		6
18		6		46		-1		568		688		 2		6
19		41		14		-1		4		124		 2		6
20		37		29		5		81		561		 1		4
21		13		34		3		12		492		 1		4
22		41		27		4		84		564		 1		4
23		9		40		3		149		629		 1		4
24		14		31		4		227		707		 1		4
OPTION  LOCATION  CUSTOMER  PRIO  SERVICETIME   COST
0		23		0		0		2		0
1		23		1		0		2		0
2		22		2		0		2		0
3		20		3		0		2		0
4		20		4		0		2		0
5		22		5		0		2		0
6		1		6		0		5		0
7		2		7		0		5		0
8		3		8		0		5		0
9		4		9		0		5		0
10		5		10		0		5		0
11		6		11		0		5		0
12		7		12		1		5		0
13		22		12		0		2		0
14		8		13		0		5		0
15		24		13		1		2		0
16		9		14		0		5		0
17		21		14		1		2		0
18		10		15		0		5		0
19		24		15		1		2		0
20		11		16		1		5		0
21		20		16		0		2		0
22		12		17		0		5		0
23		23		17		1		2		0
24		13		18		1		5		0
25		21		18		0		2		0
26		14		19		0		5		0
27		23		19		1		2		0
28		15		20		1		5		0
29		23		20		0		2		0
30		16		21		0		5		0
31		24		21		1		2		0
32		17		22		0		5		0
33		24		22		1		2		0
34		18		23		0		5		0
35		21		23		1		2		0
36		19		24		1		5		0
37		24		24		0		2		0
