V_25medium_8.txt

VEHICLE     CAPACITY  LOCATIONS  CUSTOMER  OPTIONS  PRIORITIES  NUMTYPS
10		150		25		25		38		3		4

CUSTOMER  DEMAND
0	 19
1	 14
2	 10
3	 16
4	 18
5	 10
6	 17
7	 20
8	 12
9	 12
10	 11
11	 17
12	 17
13	 17
14	 11
15	 11
16	 15
17	 19
18	 16
19	 15
20	 17
21	 15
22	 15
23	 12
24	 10

LOCATION  XCOORD  YCOORD  CAP  READY  DUE  TYP  SERVICETIME
0		27		50		-1		0		720	 0		0
1		42		32		-1		495		615		 2		6
2		22		13		-1		332		452		 2		6
3		11		32		-1		108		228		 2		6
4		10		46		-1		425		545		 2		6
5		32		24		-1		311		431		 2		6
6		45		13		-1		457		577		 2		6
7		27		42		-1		80		200		 2		6
8		19		15		-1		475		595		 2		6
9		5		37		-1		12		132		 2		6
10		1		30		-1		500		620		 2		6
11		44		1		-1		341		461		 2		6
12		44		37		-1		142		262		 2		6
13		30		37		-1		398		518		 2		6
14		38		20		-1		541		661		 2		6
15		32		17		-1		244		364		 2		6
16		23		16		-1		400		520		 2		6
17		32		39		-1		270		390		 2		6
18		10		21		-1		93		213		 2		6
19		34		42		-1		35		155		 2		6
20		43		33		5		3		483		 1		4
21		25		44		5		103		583		 1		4
22		5		8		3		72		552		 1		4
23		7		29		3		142		622		 1		4
24		36		20		5		225		705		 1		4
OPTION  LOCATION  CUSTOMER  PRIO  SERVICETIME   COST
0		20		0		0		2		0
1		20		1		0		2		0
2		21		2		0		2		0
3		23		3		0		2		0
4		20		4		0		2		0
5		21		5		0		2		0
6		1		6		0		5		0
7		2		7		0		5		0
8		3		8		0		5		0
9		4		9		0		5		0
10		5		10		0		5		0
11		6		11		0		5		0
12		7		12		0		5		0
13		22		12		1		2		0
14		8		13		1		5		0
15		20		13		0		2		0
16		9		14		1		5		0
17		23		14		0		2		0
18		10		15		1		5		0
19		20		15		0		2		0
20		11		16		0		5		0
21		22		16		1		2		0
22		12		17		0		5		0
23		20		17		1		2		0
24		13		18		0		5		0
25		24		18		1		2		0
26		14		19		1		5		0
27		22		19		0		2		0
28		15		20		0		5		0
29		22		20		1		2		0
30		16		21		0		5		0
31		22		21		1		2		0
32		17		22		0		5		0
33		23		22		1		2		0
34		18		23		0		5		0
35		21		23		1		2		0
36		19		24		1		5		0
37		24		24		0		2		0
