U_25_9.txt

VEHICLE     CAPACITY  LOCATIONS  CUSTOMER  OPTIONS  PRIORITIES  NUMTYPS
10		150		31		25		50		3		4

CUSTOMER  DEMAND
0	 19
1	 13
2	 18
3	 16
4	 17
5	 18
6	 13
7	 16
8	 13
9	 16
10	 16
11	 15
12	 18
13	 16
14	 19
15	 15
16	 13
17	 19
18	 11
19	 11
20	 14
21	 15
22	 11
23	 15
24	 18

LOCATION  XCOORD  YCOORD  CAP  READY  DUE  TYP  SERVICETIME
0		1		48		-1		0		720	 0		0
1		27		42		-1		0		360		 2		6
2		38		29		-1		95		335		 2		6
3		16		25		-1		288		528		 2		6
4		31		36		-1		360		720		 2		6
5		28		1		-1		132		372		 2		6
6		11		37		-1		465		705		 2		6
7		27		3		-1		318		558		 2		6
8		42		18		-1		0		360		 2		6
9		15		27		-1		0		360		 2		6
10		12		45		-1		596		716		 2		6
11		32		5		-1		107		227		 2		6
12		42		17		-1		552		672		 2		6
13		18		45		-1		379		499		 2		6
14		26		40		-1		0		360		 2		6
15		6		25		-1		477		597		 2		6
16		15		31		-1		360		720		 2		6
17		1		30		-1		0		360		 2		6
18		6		14		-1		17		137		 2		6
19		14		49		-1		72		312		 2		6
20		33		21		-1		367		607		 2		6
21		21		23		-1		474		594		 2		6
22		43		29		-1		371		491		 2		6
23		17		18		-1		581		701		 2		6
24		22		49		-1		197		317		 2		6
25		24		1		-1		587		707		 2		6
26		21		6		2		0		720		 1		4
27		19		27		3		0		720		 1		4
28		40		35		4		0		720		 1		4
29		36		7		4		161		641		 1		4
30		26		28		4		208		688		 1		4
OPTION  LOCATION  CUSTOMER  PRIO  SERVICETIME   COST
0		26		0		0		2		0
1		26		1		0		2		0
2		29		2		0		2		0
3		29		3		0		2		0
4		28		4		0		2		0
5		1		5		0		5		0
6		2		6		0		5		0
7		3		7		0		5		0
8		4		8		0		5		0
9		5		9		0		5		0
10		6		10		1		5		0
11		30		10		0		2		0
12		7		11		0		5		0
13		27		11		1		2		0
14		8		12		1		5		0
15		28		12		0		2		0
16		9		13		1		5		0
17		28		13		0		2		0
18		10		14		0		5		0
19		27		14		1		2		0
20		11		15		0		5		0
21		28		15		1		2		0
22		30		15		2		2		0
23		12		16		1		5		0
24		26		16		0		2		0
25		29		16		2		2		0
26		13		17		2		5		0
27		26		17		0		2		0
28		29		17		1		2		0
29		14		18		1		5		0
30		26		18		2		2		0
31		28		18		0		2		0
32		15		19		1		5		0
33		28		19		0		2		0
34		26		19		2		2		0
35		16		20		0		5		0
36		17		20		1		5		0
37		28		20		2		2		0
38		18		21		1		5		0
39		19		21		2		5		0
40		28		21		0		2		0
41		20		22		0		5		0
42		21		22		1		5		0
43		30		22		2		2		0
44		22		23		0		5		0
45		23		23		2		5		0
46		27		23		1		2		0
47		24		24		2		5		0
48		25		24		0		5		0
49		28		24		1		2		0
