U_25medium_3.txt

VEHICLE     CAPACITY  LOCATIONS  CUSTOMER  OPTIONS  PRIORITIES  NUMTYPS
10		150		31		25		50		3		4

CUSTOMER  DEMAND
0	 20
1	 20
2	 14
3	 12
4	 13
5	 18
6	 12
7	 17
8	 17
9	 10
10	 12
11	 11
12	 15
13	 19
14	 12
15	 12
16	 14
17	 10
18	 12
19	 13
20	 14
21	 14
22	 10
23	 12
24	 13

LOCATION  XCOORD  YCOORD  CAP  READY  DUE  TYP  SERVICETIME
0		26		16		-1		0		720	 0		0
1		14		42		-1		116		236		 2		6
2		3		18		-1		304		424		 2		6
3		4		11		-1		407		527		 2		6
4		38		35		-1		479		599		 2		6
5		24		40		-1		215		335		 2		6
6		37		45		-1		547		667		 2		6
7		44		17		-1		351		471		 2		6
8		48		27		-1		122		242		 2		6
9		48		49		-1		340		460		 2		6
10		11		32		-1		243		363		 2		6
11		16		2		-1		397		517		 2		6
12		1		26		-1		552		672		 2		6
13		10		15		-1		509		629		 2		6
14		20		32		-1		585		705		 2		6
15		18		46		-1		485		605		 2		6
16		6		35		-1		82		202		 2		6
17		22		23		-1		288		408		 2		6
18		2		35		-1		544		664		 2		6
19		11		12		-1		105		225		 2		6
20		10		28		-1		255		375		 2		6
21		16		40		-1		212		332		 2		6
22		15		7		-1		429		549		 2		6
23		23		29		-1		590		710		 2		6
24		12		3		-1		453		573		 2		6
25		25		22		-1		507		627		 2		6
26		28		15		5		148		628		 1		4
27		34		37		4		90		570		 1		4
28		13		8		5		121		601		 1		4
29		19		40		4		189		669		 1		4
30		30		17		4		146		626		 1		4
OPTION  LOCATION  CUSTOMER  PRIO  SERVICETIME   COST
0		30		0		0		2		0
1		28		1		0		2		0
2		30		2		0		2		0
3		26		3		0		2		0
4		27		4		0		2		0
5		1		5		0		5		0
6		2		6		0		5		0
7		3		7		0		5		0
8		4		8		0		5		0
9		5		9		0		5		0
10		6		10		0		5		0
11		29		10		1		2		0
12		7		11		0		5		0
13		26		11		1		2		0
14		8		12		1		5		0
15		29		12		0		2		0
16		9		13		1		5		0
17		29		13		0		2		0
18		10		14		1		5		0
19		28		14		0		2		0
20		11		15		1		5		0
21		28		15		0		2		0
22		29		15		2		2		0
23		12		16		0		5		0
24		27		16		2		2		0
25		30		16		1		2		0
26		13		17		0		5		0
27		26		17		2		2		0
28		30		17		1		2		0
29		14		18		2		5		0
30		27		18		0		2		0
31		30		18		1		2		0
32		15		19		0		5		0
33		27		19		1		2		0
34		26		19		2		2		0
35		16		20		0		5		0
36		17		20		1		5		0
37		30		20		2		2		0
38		18		21		1		5		0
39		19		21		0		5		0
40		30		21		2		2		0
41		20		22		1		5		0
42		21		22		0		5		0
43		27		22		2		2		0
44		22		23		0		5		0
45		23		23		1		5		0
46		29		23		2		2		0
47		24		24		2		5		0
48		25		24		0		5		0
49		27		24		1		2		0
