U_25small_3.txt

VEHICLE     CAPACITY  LOCATIONS  CUSTOMER  OPTIONS  PRIORITIES  NUMTYPS
10		150		31		25		50		3		4

CUSTOMER  DEMAND
0	 10
1	 18
2	 12
3	 18
4	 11
5	 10
6	 12
7	 10
8	 14
9	 10
10	 14
11	 10
12	 12
13	 11
14	 13
15	 15
16	 14
17	 17
18	 10
19	 12
20	 15
21	 19
22	 17
23	 12
24	 19

LOCATION  XCOORD  YCOORD  CAP  READY  DUE  TYP  SERVICETIME
0		15		50		-1		0		720	 0		0
1		44		1		-1		494		554		 2		6
2		46		19		-1		412		472		 2		6
3		25		21		-1		504		564		 2		6
4		7		44		-1		31		91		 2		6
5		3		18		-1		409		469		 2		6
6		34		42		-1		328		388		 2		6
7		43		35		-1		320		380		 2		6
8		21		38		-1		161		221		 2		6
9		45		3		-1		372		432		 2		6
10		47		35		-1		125		185		 2		6
11		38		17		-1		270		330		 2		6
12		47		19		-1		71		131		 2		6
13		20		37		-1		516		576		 2		6
14		17		20		-1		466		526		 2		6
15		23		42		-1		636		696		 2		6
16		12		13		-1		35		95		 2		6
17		31		41		-1		123		183		 2		6
18		18		9		-1		564		624		 2		6
19		28		28		-1		422		482		 2		6
20		41		28		-1		216		276		 2		6
21		11		39		-1		433		493		 2		6
22		21		37		-1		144		204		 2		6
23		28		11		-1		278		338		 2		6
24		19		21		-1		544		604		 2		6
25		44		3		-1		368		428		 2		6
26		9		15		4		432		672		 1		4
27		19		22		4		352		592		 1		4
28		20		43		5		475		715		 1		4
29		44		12		4		88		328		 1		4
30		12		19		5		195		435		 1		4
OPTION  LOCATION  CUSTOMER  PRIO  SERVICETIME   COST
0		28		0		0		2		0
1		30		1		0		2		0
2		28		2		0		2		0
3		27		3		0		2		0
4		30		4		0		2		0
5		1		5		0		5		0
6		2		6		0		5		0
7		3		7		0		5		0
8		4		8		0		5		0
9		5		9		0		5		0
10		6		10		0		5		0
11		29		10		1		2		0
12		7		11		1		5		0
13		28		11		0		2		0
14		8		12		1		5		0
15		26		12		0		2		0
16		9		13		1		5		0
17		30		13		0		2		0
18		10		14		0		5		0
19		27		14		1		2		0
20		11		15		2		5		0
21		27		15		0		2		0
22		30		15		1		2		0
23		12		16		0		5		0
24		28		16		1		2		0
25		29		16		2		2		0
26		13		17		1		5		0
27		27		17		2		2		0
28		30		17		0		2		0
29		14		18		2		5		0
30		29		18		0		2		0
31		28		18		1		2		0
32		15		19		1		5		0
33		30		19		2		2		0
34		27		19		0		2		0
35		16		20		1		5		0
36		17		20		2		5		0
37		27		20		0		2		0
38		18		21		0		5		0
39		19		21		2		5		0
40		30		21		1		2		0
41		20		22		0		5		0
42		21		22		1		5		0
43		30		22		2		2		0
44		22		23		2		5		0
45		23		23		0		5		0
46		26		23		1		2		0
47		24		24		0		5		0
48		25		24		1		5		0
49		26		24		2		2		0
