U_25small_5.txt

VEHICLE     CAPACITY  LOCATIONS  CUSTOMER  OPTIONS  PRIORITIES  NUMTYPS
10		150		31		25		50		3		4

CUSTOMER  DEMAND
0	 19
1	 11
2	 16
3	 11
4	 16
5	 17
6	 13
7	 17
8	 17
9	 18
10	 13
11	 12
12	 17
13	 16
14	 14
15	 15
16	 11
17	 15
18	 11
19	 12
20	 11
21	 17
22	 10
23	 10
24	 17

LOCATION  XCOORD  YCOORD  CAP  READY  DUE  TYP  SERVICETIME
0		14		14		-1		0		720	 0		0
1		22		18		-1		259		319		 2		6
2		22		9		-1		308		368		 2		6
3		2		50		-1		409		469		 2		6
4		36		42		-1		214		274		 2		6
5		13		5		-1		327		387		 2		6
6		13		30		-1		581		641		 2		6
7		31		3		-1		547		607		 2		6
8		45		33		-1		361		421		 2		6
9		10		19		-1		206		266		 2		6
10		44		36		-1		458		518		 2		6
11		29		8		-1		30		90		 2		6
12		48		27		-1		250		310		 2		6
13		24		33		-1		571		631		 2		6
14		47		3		-1		464		524		 2		6
15		40		25		-1		214		274		 2		6
16		29		24		-1		491		551		 2		6
17		49		16		-1		533		593		 2		6
18		8		48		-1		397		457		 2		6
19		35		15		-1		254		314		 2		6
20		21		46		-1		544		604		 2		6
21		49		20		-1		116		176		 2		6
22		34		34		-1		124		184		 2		6
23		25		39		-1		534		594		 2		6
24		45		40		-1		575		635		 2		6
25		45		16		-1		187		247		 2		6
26		32		43		5		31		271		 1		4
27		42		5		5		420		660		 1		4
28		41		34		3		84		324		 1		4
29		18		16		5		178		418		 1		4
30		34		39		3		462		702		 1		4
OPTION  LOCATION  CUSTOMER  PRIO  SERVICETIME   COST
0		26		0		0		2		0
1		29		1		0		2		0
2		28		2		0		2		0
3		27		3		0		2		0
4		29		4		0		2		0
5		1		5		0		5		0
6		2		6		0		5		0
7		3		7		0		5		0
8		4		8		0		5		0
9		5		9		0		5		0
10		6		10		1		5		0
11		26		10		0		2		0
12		7		11		0		5		0
13		30		11		1		2		0
14		8		12		0		5		0
15		27		12		1		2		0
16		9		13		1		5		0
17		28		13		0		2		0
18		10		14		1		5		0
19		30		14		0		2		0
20		11		15		0		5		0
21		29		15		1		2		0
22		28		15		2		2		0
23		12		16		0		5		0
24		29		16		1		2		0
25		30		16		2		2		0
26		13		17		2		5		0
27		27		17		1		2		0
28		29		17		0		2		0
29		14		18		2		5		0
30		29		18		1		2		0
31		30		18		0		2		0
32		15		19		2		5		0
33		30		19		1		2		0
34		26		19		0		2		0
35		16		20		1		5		0
36		17		20		0		5		0
37		30		20		2		2		0
38		18		21		2		5		0
39		19		21		0		5		0
40		29		21		1		2		0
41		20		22		0		5		0
42		21		22		1		5		0
43		29		22		2		2		0
44		22		23		0		5		0
45		23		23		1		5		0
46		27		23		2		2		0
47		24		24		1		5		0
48		25		24		0		5		0
49		30		24		2		2		0
