U_25medium_9.txt

VEHICLE     CAPACITY  LOCATIONS  CUSTOMER  OPTIONS  PRIORITIES  NUMTYPS
10		150		31		25		50		3		4

CUSTOMER  DEMAND
0	 13
1	 16
2	 12
3	 16
4	 10
5	 18
6	 19
7	 18
8	 19
9	 19
10	 10
11	 15
12	 16
13	 15
14	 13
15	 15
16	 18
17	 13
18	 19
19	 10
20	 14
21	 14
22	 15
23	 17
24	 12

LOCATION  XCOORD  YCOORD  CAP  READY  DUE  TYP  SERVICETIME
0		46		27		-1		0		720	 0		0
1		13		37		-1		347		467		 2		6
2		34		9		-1		74		194		 2		6
3		46		12		-1		339		459		 2		6
4		44		38		-1		32		152		 2		6
5		5		33		-1		478		598		 2		6
6		48		16		-1		282		402		 2		6
7		43		35		-1		242		362		 2		6
8		49		35		-1		526		646		 2		6
9		33		20		-1		478		598		 2		6
10		5		7		-1		272		392		 2		6
11		14		20		-1		295		415		 2		6
12		47		7		-1		430		550		 2		6
13		40		12		-1		132		252		 2		6
14		29		13		-1		597		717		 2		6
15		25		42		-1		202		322		 2		6
16		20		10		-1		102		222		 2		6
17		37		3		-1		438		558		 2		6
18		29		7		-1		47		167		 2		6
19		33		43		-1		142		262		 2		6
20		33		28		-1		273		393		 2		6
21		18		35		-1		2		122		 2		6
22		50		32		-1		450		570		 2		6
23		29		13		-1		185		305		 2		6
24		21		39		-1		87		207		 2		6
25		38		41		-1		573		693		 2		6
26		38		39		3		146		626		 1		4
27		37		11		4		34		514		 1		4
28		32		9		4		142		622		 1		4
29		25		17		3		91		571		 1		4
30		26		42		5		194		674		 1		4
OPTION  LOCATION  CUSTOMER  PRIO  SERVICETIME   COST
0		26		0		0		2		0
1		27		1		0		2		0
2		29		2		0		2		0
3		30		3		0		2		0
4		28		4		0		2		0
5		1		5		0		5		0
6		2		6		0		5		0
7		3		7		0		5		0
8		4		8		0		5		0
9		5		9		0		5		0
10		6		10		1		5		0
11		26		10		0		2		0
12		7		11		0		5		0
13		29		11		1		2		0
14		8		12		0		5		0
15		30		12		1		2		0
16		9		13		0		5		0
17		26		13		1		2		0
18		10		14		0		5		0
19		28		14		1		2		0
20		11		15		2		5		0
21		26		15		1		2		0
22		27		15		0		2		0
23		12		16		1		5		0
24		30		16		2		2		0
25		27		16		0		2		0
26		13		17		1		5		0
27		27		17		2		2		0
28		28		17		0		2		0
29		14		18		0		5		0
30		30		18		2		2		0
31		26		18		1		2		0
32		15		19		1		5		0
33		26		19		0		2		0
34		30		19		2		2		0
35		16		20		1		5		0
36		17		20		2		5		0
37		30		20		0		2		0
38		18		21		1		5		0
39		19		21		0		5		0
40		27		21		2		2		0
41		20		22		0		5		0
42		21		22		1		5		0
43		29		22		2		2		0
44		22		23		0		5		0
45		23		23		1		5		0
46		27		23		2		2		0
47		24		24		2		5		0
48		25		24		0		5		0
49		28		24		1		2		0
