U_50medium_2.txt

VEHICLE     CAPACITY  LOCATIONS  CUSTOMER  OPTIONS  PRIORITIES  NUMTYPS
10		150		61		50		100		3		4

CUSTOMER  DEMAND
0	 12
1	 10
2	 13
3	 19
4	 15
5	 14
6	 18
7	 20
8	 17
9	 20
10	 12
11	 10
12	 20
13	 18
14	 12
15	 12
16	 16
17	 11
18	 18
19	 16
20	 16
21	 19
22	 14
23	 18
24	 11
25	 14
26	 20
27	 13
28	 15
29	 14
30	 10
31	 10
32	 17
33	 14
34	 19
35	 16
36	 19
37	 20
38	 16
39	 11
40	 16
41	 18
42	 14
43	 12
44	 16
45	 16
46	 20
47	 11
48	 11
49	 16

LOCATION  XCOORD  YCOORD  CAP  READY  DUE  TYP  SERVICETIME
0		15		10		-1		0		720	 0		0
1		47		15		-1		264		384		 2		6
2		10		16		-1		593		713		 2		6
3		49		48		-1		352		472		 2		6
4		39		19		-1		307		427		 2		6
5		20		22		-1		415		535		 2		6
6		35		9		-1		389		509		 2		6
7		15		22		-1		563		683		 2		6
8		9		19		-1		164		284		 2		6
9		49		7		-1		197		317		 2		6
10		46		5		-1		594		714		 2		6
11		20		26		-1		473		593		 2		6
12		15		32		-1		115		235		 2		6
13		50		23		-1		518		638		 2		6
14		8		41		-1		589		709		 2		6
15		45		7		-1		504		624		 2		6
16		12		43		-1		192		312		 2		6
17		32		41		-1		511		631		 2		6
18		14		27		-1		123		243		 2		6
19		45		21		-1		300		420		 2		6
20		8		28		-1		76		196		 2		6
21		1		26		-1		56		176		 2		6
22		22		48		-1		231		351		 2		6
23		32		13		-1		350		470		 2		6
24		24		43		-1		511		631		 2		6
25		2		25		-1		348		468		 2		6
26		34		32		-1		101		221		 2		6
27		20		28		-1		375		495		 2		6
28		9		18		-1		576		696		 2		6
29		50		45		-1		248		368		 2		6
30		18		17		-1		152		272		 2		6
31		29		37		-1		524		644		 2		6
32		20		16		-1		580		700		 2		6
33		49		21		-1		335		455		 2		6
34		9		30		-1		406		526		 2		6
35		47		4		-1		106		226		 2		6
36		35		46		-1		345		465		 2		6
37		11		50		-1		1		121		 2		6
38		8		42		-1		177		297		 2		6
39		29		14		-1		379		499		 2		6
40		35		7		-1		589		709		 2		6
41		22		12		-1		415		535		 2		6
42		21		44		-1		103		223		 2		6
43		46		48		-1		183		303		 2		6
44		45		39		-1		31		151		 2		6
45		48		20		-1		331		451		 2		6
46		25		18		-1		35		155		 2		6
47		20		37		-1		157		277		 2		6
48		36		12		-1		212		332		 2		6
49		42		17		-1		26		146		 2		6
50		23		27		-1		80		200		 2		6
51		7		5		4		22		502		 1		4
52		21		27		4		174		654		 1		4
53		26		33		5		81		561		 1		4
54		12		25		3		176		656		 1		4
55		42		24		3		112		592		 1		4
56		14		12		5		40		520		 1		4
57		43		22		3		31		511		 1		4
58		5		18		4		107		587		 1		4
59		22		30		5		135		615		 1		4
60		40		23		3		160		640		 1		4
OPTION  LOCATION  CUSTOMER  PRIO  SERVICETIME   COST
0		56		0		0		2		0
1		59		1		0		2		0
2		56		2		0		2		0
3		52		3		0		2		0
4		56		4		0		2		0
5		51		5		0		2		0
6		56		6		0		2		0
7		53		7		0		2		0
8		55		8		0		2		0
9		55		9		0		2		0
10		1		10		0		5		0
11		2		11		0		5		0
12		3		12		0		5		0
13		4		13		0		5		0
14		5		14		0		5		0
15		6		15		0		5		0
16		7		16		0		5		0
17		8		17		0		5		0
18		9		18		0		5		0
19		10		19		0		5		0
20		11		20		0		5		0
21		51		20		1		2		0
22		12		21		1		5		0
23		53		21		0		2		0
24		13		22		1		5		0
25		55		22		0		2		0
26		14		23		0		5		0
27		52		23		1		2		0
28		15		24		1		5		0
29		51		24		0		2		0
30		16		25		0		5		0
31		52		25		1		2		0
32		17		26		1		5		0
33		53		26		0		2		0
34		18		27		1		5		0
35		53		27		0		2		0
36		19		28		1		5		0
37		53		28		0		2		0
38		20		29		0		5		0
39		58		29		1		2		0
40		21		30		0		5		0
41		59		30		1		2		0
42		55		30		2		2		0
43		22		31		0		5		0
44		54		31		1		2		0
45		59		31		2		2		0
46		23		32		2		5		0
47		57		32		0		2		0
48		52		32		1		2		0
49		24		33		1		5		0
50		54		33		0		2		0
51		52		33		2		2		0
52		25		34		0		5		0
53		51		34		1		2		0
54		52		34		2		2		0
55		26		35		0		5		0
56		59		35		2		2		0
57		55		35		1		2		0
58		27		36		1		5		0
59		53		36		2		2		0
60		52		36		0		2		0
61		28		37		2		5		0
62		55		37		1		2		0
63		57		37		0		2		0
64		29		38		0		5		0
65		53		38		1		2		0
66		55		38		2		2		0
67		30		39		0		5		0
68		58		39		2		2		0
69		54		39		1		2		0
70		31		40		2		5		0
71		32		40		0		5		0
72		56		40		1		2		0
73		33		41		1		5		0
74		34		41		2		5		0
75		52		41		0		2		0
76		35		42		1		5		0
77		36		42		0		5		0
78		57		42		2		2		0
79		37		43		1		5		0
80		38		43		2		5		0
81		58		43		0		2		0
82		39		44		1		5		0
83		40		44		2		5		0
84		51		44		0		2		0
85		41		45		1		5		0
86		42		45		2		5		0
87		54		45		0		2		0
88		43		46		1		5		0
89		44		46		2		5		0
90		56		46		0		2		0
91		45		47		1		5		0
92		46		47		0		5		0
93		52		47		2		2		0
94		47		48		2		5		0
95		48		48		0		5		0
96		59		48		1		2		0
97		49		49		0		5		0
98		50		49		2		5		0
99		58		49		1		2		0
