U_50medium_1.txt

VEHICLE     CAPACITY  LOCATIONS  CUSTOMER  OPTIONS  PRIORITIES  NUMTYPS
10		150		61		50		100		3		4

CUSTOMER  DEMAND
0	 13
1	 19
2	 12
3	 16
4	 19
5	 20
6	 11
7	 14
8	 16
9	 16
10	 10
11	 12
12	 12
13	 15
14	 11
15	 20
16	 16
17	 16
18	 18
19	 10
20	 15
21	 11
22	 15
23	 16
24	 18
25	 14
26	 20
27	 19
28	 15
29	 15
30	 16
31	 12
32	 16
33	 15
34	 17
35	 20
36	 13
37	 16
38	 20
39	 15
40	 11
41	 16
42	 14
43	 14
44	 11
45	 17
46	 11
47	 10
48	 16
49	 17

LOCATION  XCOORD  YCOORD  CAP  READY  DUE  TYP  SERVICETIME
0		36		50		-1		0		720	 0		0
1		3		50		-1		87		207		 2		6
2		7		14		-1		402		522		 2		6
3		47		48		-1		380		500		 2		6
4		30		23		-1		62		182		 2		6
5		23		27		-1		506		626		 2		6
6		40		22		-1		273		393		 2		6
7		44		25		-1		22		142		 2		6
8		7		5		-1		473		593		 2		6
9		6		27		-1		277		397		 2		6
10		33		10		-1		152		272		 2		6
11		49		27		-1		537		657		 2		6
12		1		38		-1		304		424		 2		6
13		4		8		-1		52		172		 2		6
14		25		6		-1		308		428		 2		6
15		32		35		-1		307		427		 2		6
16		14		17		-1		184		304		 2		6
17		29		29		-1		357		477		 2		6
18		48		24		-1		446		566		 2		6
19		37		27		-1		53		173		 2		6
20		8		20		-1		454		574		 2		6
21		31		39		-1		524		644		 2		6
22		8		25		-1		566		686		 2		6
23		24		39		-1		9		129		 2		6
24		29		24		-1		75		195		 2		6
25		44		16		-1		541		661		 2		6
26		5		34		-1		209		329		 2		6
27		3		30		-1		265		385		 2		6
28		16		14		-1		258		378		 2		6
29		33		11		-1		389		509		 2		6
30		38		27		-1		484		604		 2		6
31		2		16		-1		81		201		 2		6
32		26		1		-1		593		713		 2		6
33		32		17		-1		467		587		 2		6
34		21		31		-1		593		713		 2		6
35		13		50		-1		77		197		 2		6
36		14		34		-1		24		144		 2		6
37		5		27		-1		526		646		 2		6
38		18		32		-1		346		466		 2		6
39		36		15		-1		380		500		 2		6
40		18		7		-1		295		415		 2		6
41		16		7		-1		593		713		 2		6
42		30		49		-1		285		405		 2		6
43		44		45		-1		103		223		 2		6
44		32		21		-1		374		494		 2		6
45		13		26		-1		430		550		 2		6
46		5		35		-1		417		537		 2		6
47		36		18		-1		343		463		 2		6
48		15		31		-1		17		137		 2		6
49		26		45		-1		190		310		 2		6
50		27		28		-1		327		447		 2		6
51		9		35		3		38		518		 1		4
52		5		45		5		175		655		 1		4
53		16		6		5		139		619		 1		4
54		18		35		4		231		711		 1		4
55		34		29		5		18		498		 1		4
56		45		8		4		195		675		 1		4
57		20		27		5		235		715		 1		4
58		29		45		3		179		659		 1		4
59		30		10		4		11		491		 1		4
60		17		26		3		134		614		 1		4
OPTION  LOCATION  CUSTOMER  PRIO  SERVICETIME   COST
0		54		0		0		2		0
1		52		1		0		2		0
2		57		2		0		2		0
3		59		3		0		2		0
4		54		4		0		2		0
5		55		5		0		2		0
6		55		6		0		2		0
7		51		7		0		2		0
8		57		8		0		2		0
9		60		9		0		2		0
10		1		10		0		5		0
11		2		11		0		5		0
12		3		12		0		5		0
13		4		13		0		5		0
14		5		14		0		5		0
15		6		15		0		5		0
16		7		16		0		5		0
17		8		17		0		5		0
18		9		18		0		5		0
19		10		19		0		5		0
20		11		20		1		5		0
21		59		20		0		2		0
22		12		21		0		5		0
23		57		21		1		2		0
24		13		22		1		5		0
25		56		22		0		2		0
26		14		23		1		5		0
27		52		23		0		2		0
28		15		24		0		5		0
29		55		24		1		2		0
30		16		25		1		5		0
31		58		25		0		2		0
32		17		26		0		5		0
33		60		26		1		2		0
34		18		27		0		5		0
35		59		27		1		2		0
36		19		28		0		5		0
37		57		28		1		2		0
38		20		29		0		5		0
39		51		29		1		2		0
40		21		30		0		5		0
41		59		30		1		2		0
42		52		30		2		2		0
43		22		31		1		5		0
44		55		31		2		2		0
45		60		31		0		2		0
46		23		32		2		5		0
47		53		32		1		2		0
48		56		32		0		2		0
49		24		33		2		5		0
50		53		33		0		2		0
51		51		33		1		2		0
52		25		34		0		5		0
53		60		34		1		2		0
54		51		34		2		2		0
55		26		35		2		5		0
56		59		35		0		2		0
57		55		35		1		2		0
58		27		36		2		5		0
59		54		36		1		2		0
60		57		36		0		2		0
61		28		37		1		5		0
62		59		37		2		2		0
63		57		37		0		2		0
64		29		38		1		5		0
65		53		38		2		2		0
66		56		38		0		2		0
67		30		39		2		5		0
68		52		39		1		2		0
69		55		39		0		2		0
70		31		40		1		5		0
71		32		40		2		5		0
72		56		40		0		2		0
73		33		41		2		5		0
74		34		41		1		5		0
75		53		41		0		2		0
76		35		42		1		5		0
77		36		42		0		5		0
78		57		42		2		2		0
79		37		43		0		5		0
80		38		43		1		5		0
81		53		43		2		2		0
82		39		44		0		5		0
83		40		44		2		5		0
84		54		44		1		2		0
85		41		45		2		5		0
86		42		45		0		5		0
87		58		45		1		2		0
88		43		46		2		5		0
89		44		46		1		5		0
90		60		46		0		2		0
91		45		47		0		5		0
92		46		47		2		5		0
93		59		47		1		2		0
94		47		48		1		5		0
95		48		48		2		5		0
96		54		48		0		2		0
97		49		49		2		5		0
98		50		49		0		5		0
99		57		49		1		2		0
