U_50medium_3.txt

VEHICLE     CAPACITY  LOCATIONS  CUSTOMER  OPTIONS  PRIORITIES  NUMTYPS
10		150		61		50		100		3		4

CUSTOMER  DEMAND
0	 20
1	 14
2	 16
3	 11
4	 18
5	 11
6	 12
7	 19
8	 15
9	 15
10	 15
11	 17
12	 20
13	 18
14	 14
15	 17
16	 18
17	 10
18	 19
19	 15
20	 18
21	 16
22	 20
23	 18
24	 12
25	 20
26	 14
27	 16
28	 19
29	 10
30	 13
31	 19
32	 15
33	 10
34	 13
35	 17
36	 16
37	 12
38	 12
39	 20
40	 19
41	 16
42	 16
43	 14
44	 16
45	 12
46	 10
47	 15
48	 13
49	 11

LOCATION  XCOORD  YCOORD  CAP  READY  DUE  TYP  SERVICETIME
0		8		40		-1		0		720	 0		0
1		20		37		-1		535		655		 2		6
2		4		47		-1		303		423		 2		6
3		39		5		-1		302		422		 2		6
4		48		36		-1		306		426		 2		6
5		32		47		-1		50		170		 2		6
6		27		8		-1		141		261		 2		6
7		33		13		-1		416		536		 2		6
8		39		36		-1		387		507		 2		6
9		12		14		-1		544		664		 2		6
10		7		3		-1		566		686		 2		6
11		42		41		-1		349		469		 2		6
12		20		8		-1		574		694		 2		6
13		23		21		-1		341		461		 2		6
14		4		4		-1		573		693		 2		6
15		18		30		-1		524		644		 2		6
16		41		38		-1		573		693		 2		6
17		49		39		-1		380		500		 2		6
18		10		3		-1		506		626		 2		6
19		17		29		-1		86		206		 2		6
20		26		46		-1		585		705		 2		6
21		3		19		-1		314		434		 2		6
22		22		45		-1		458		578		 2		6
23		8		2		-1		33		153		 2		6
24		14		39		-1		121		241		 2		6
25		14		44		-1		375		495		 2		6
26		26		37		-1		516		636		 2		6
27		17		33		-1		75		195		 2		6
28		21		11		-1		42		162		 2		6
29		45		23		-1		171		291		 2		6
30		8		25		-1		235		355		 2		6
31		40		21		-1		207		327		 2		6
32		15		15		-1		521		641		 2		6
33		35		24		-1		584		704		 2		6
34		19		5		-1		531		651		 2		6
35		32		17		-1		386		506		 2		6
36		12		49		-1		594		714		 2		6
37		48		44		-1		175		295		 2		6
38		50		1		-1		313		433		 2		6
39		9		32		-1		19		139		 2		6
40		12		7		-1		12		132		 2		6
41		4		35		-1		39		159		 2		6
42		35		10		-1		538		658		 2		6
43		29		48		-1		139		259		 2		6
44		20		27		-1		439		559		 2		6
45		46		23		-1		211		331		 2		6
46		7		20		-1		417		537		 2		6
47		45		13		-1		248		368		 2		6
48		3		2		-1		285		405		 2		6
49		16		6		-1		208		328		 2		6
50		33		6		-1		242		362		 2		6
51		17		35		4		58		538		 1		4
52		39		19		3		235		715		 1		4
53		44		25		3		203		683		 1		4
54		8		33		3		111		591		 1		4
55		44		26		3		50		530		 1		4
56		16		20		5		27		507		 1		4
57		34		19		4		106		586		 1		4
58		39		38		4		221		701		 1		4
59		45		34		3		132		612		 1		4
60		31		13		3		236		716		 1		4
OPTION  LOCATION  CUSTOMER  PRIO  SERVICETIME   COST
0		52		0		0		2		0
1		59		1		0		2		0
2		55		2		0		2		0
3		59		3		0		2		0
4		60		4		0		2		0
5		51		5		0		2		0
6		60		6		0		2		0
7		54		7		0		2		0
8		58		8		0		2		0
9		60		9		0		2		0
10		1		10		0		5		0
11		2		11		0		5		0
12		3		12		0		5		0
13		4		13		0		5		0
14		5		14		0		5		0
15		6		15		0		5		0
16		7		16		0		5		0
17		8		17		0		5		0
18		9		18		0		5		0
19		10		19		0		5		0
20		11		20		1		5		0
21		52		20		0		2		0
22		12		21		1		5		0
23		60		21		0		2		0
24		13		22		1		5		0
25		56		22		0		2		0
26		14		23		0		5		0
27		59		23		1		2		0
28		15		24		1		5		0
29		54		24		0		2		0
30		16		25		1		5		0
31		57		25		0		2		0
32		17		26		1		5		0
33		55		26		0		2		0
34		18		27		1		5		0
35		59		27		0		2		0
36		19		28		0		5		0
37		53		28		1		2		0
38		20		29		0		5		0
39		52		29		1		2		0
40		21		30		1		5		0
41		51		30		0		2		0
42		55		30		2		2		0
43		22		31		2		5		0
44		53		31		0		2		0
45		55		31		1		2		0
46		23		32		1		5		0
47		60		32		2		2		0
48		54		32		0		2		0
49		24		33		2		5		0
50		54		33		0		2		0
51		58		33		1		2		0
52		25		34		0		5		0
53		54		34		2		2		0
54		57		34		1		2		0
55		26		35		1		5		0
56		57		35		2		2		0
57		53		35		0		2		0
58		27		36		0		5		0
59		58		36		1		2		0
60		57		36		2		2		0
61		28		37		2		5		0
62		56		37		1		2		0
63		51		37		0		2		0
64		29		38		0		5		0
65		57		38		1		2		0
66		59		38		2		2		0
67		30		39		2		5		0
68		60		39		0		2		0
69		51		39		1		2		0
70		31		40		1		5		0
71		32		40		2		5		0
72		54		40		0		2		0
73		33		41		1		5		0
74		34		41		2		5		0
75		52		41		0		2		0
76		35		42		2		5		0
77		36		42		0		5		0
78		54		42		1		2		0
79		37		43		1		5		0
80		38		43		2		5		0
81		55		43		0		2		0
82		39		44		1		5		0
83		40		44		0		5		0
84		51		44		2		2		0
85		41		45		1		5		0
86		42		45		2		5		0
87		51		45		0		2		0
88		43		46		1		5		0
89		44		46		0		5		0
90		60		46		2		2		0
91		45		47		1		5		0
92		46		47		0		5		0
93		55		47		2		2		0
94		47		48		2		5		0
95		48		48		1		5		0
96		52		48		0		2		0
97		49		49		2		5		0
98		50		49		1		5		0
99		58		49		0		2		0
