U_50_6.txt

VEHICLE     CAPACITY  LOCATIONS  CUSTOMER  OPTIONS  PRIORITIES  NUMTYPS
10		150		61		50		100		3		4

CUSTOMER  DEMAND
0	 15
1	 10
2	 11
3	 18
4	 18
5	 14
6	 14
7	 20
8	 13
9	 17
10	 11
11	 17
12	 15
13	 20
14	 16
15	 19
16	 16
17	 17
18	 10
19	 19
20	 14
21	 11
22	 12
23	 18
24	 16
25	 17
26	 11
27	 18
28	 12
29	 15
30	 20
31	 11
32	 18
33	 11
34	 15
35	 15
36	 13
37	 14
38	 16
39	 15
40	 11
41	 16
42	 12
43	 20
44	 16
45	 10
46	 18
47	 15
48	 13
49	 14

LOCATION  XCOORD  YCOORD  CAP  READY  DUE  TYP  SERVICETIME
0		25		49		-1		0		720	 0		0
1		46		34		-1		83		203		 2		6
2		15		49		-1		0		360		 2		6
3		14		5		-1		149		389		 2		6
4		42		28		-1		360		720		 2		6
5		22		28		-1		360		720		 2		6
6		29		5		-1		85		205		 2		6
7		35		43		-1		101		341		 2		6
8		26		32		-1		0		360		 2		6
9		22		10		-1		360		720		 2		6
10		47		22		-1		414		654		 2		6
11		49		30		-1		47		287		 2		6
12		39		50		-1		103		223		 2		6
13		5		11		-1		360		720		 2		6
14		4		31		-1		122		362		 2		6
15		46		4		-1		378		618		 2		6
16		49		50		-1		0		360		 2		6
17		8		25		-1		0		360		 2		6
18		20		15		-1		74		194		 2		6
19		48		14		-1		0		360		 2		6
20		23		19		-1		231		471		 2		6
21		42		39		-1		59		299		 2		6
22		15		36		-1		236		356		 2		6
23		12		14		-1		360		720		 2		6
24		39		6		-1		110		350		 2		6
25		38		6		-1		141		261		 2		6
26		29		7		-1		360		720		 2		6
27		12		15		-1		66		186		 2		6
28		30		49		-1		398		638		 2		6
29		1		32		-1		360		720		 2		6
30		50		22		-1		0		360		 2		6
31		43		50		-1		415		535		 2		6
32		7		7		-1		360		600		 2		6
33		14		35		-1		7		247		 2		6
34		39		50		-1		232		472		 2		6
35		23		3		-1		360		720		 2		6
36		10		10		-1		334		574		 2		6
37		50		44		-1		57		177		 2		6
38		50		8		-1		0		360		 2		6
39		44		18		-1		360		720		 2		6
40		27		41		-1		60		180		 2		6
41		30		38		-1		394		514		 2		6
42		9		42		-1		42		282		 2		6
43		37		14		-1		464		704		 2		6
44		47		20		-1		360		720		 2		6
45		42		4		-1		360		720		 2		6
46		25		23		-1		0		360		 2		6
47		22		2		-1		145		385		 2		6
48		50		32		-1		360		720		 2		6
49		39		10		-1		579		699		 2		6
50		5		11		-1		360		720		 2		6
51		8		27		3		0		720		 1		4
52		30		27		3		0		720		 1		4
53		28		9		4		0		720		 1		4
54		42		44		4		0		720		 1		4
55		32		32		3		0		720		 1		4
56		16		12		4		0		720		 1		4
57		21		29		5		0		480		 1		4
58		34		29		5		126		606		 1		4
59		14		21		5		149		629		 1		4
60		18		12		5		0		720		 1		4
OPTION  LOCATION  CUSTOMER  PRIO  SERVICETIME   COST
0		56		0		0		2		0
1		55		1		0		2		0
2		54		2		0		2		0
3		56		3		0		2		0
4		52		4		0		2		0
5		55		5		0		2		0
6		53		6		0		2		0
7		55		7		0		2		0
8		57		8		0		2		0
9		54		9		0		2		0
10		1		10		0		5		0
11		2		11		0		5		0
12		3		12		0		5		0
13		4		13		0		5		0
14		5		14		0		5		0
15		6		15		0		5		0
16		7		16		0		5		0
17		8		17		0		5		0
18		9		18		0		5		0
19		10		19		0		5		0
20		11		20		0		5		0
21		57		20		1		2		0
22		12		21		1		5		0
23		55		21		0		2		0
24		13		22		1		5		0
25		60		22		0		2		0
26		14		23		1		5		0
27		60		23		0		2		0
28		15		24		1		5		0
29		59		24		0		2		0
30		16		25		1		5		0
31		58		25		0		2		0
32		17		26		0		5		0
33		56		26		1		2		0
34		18		27		1		5		0
35		57		27		0		2		0
36		19		28		1		5		0
37		53		28		0		2		0
38		20		29		1		5		0
39		52		29		0		2		0
40		21		30		2		5		0
41		54		30		1		2		0
42		51		30		0		2		0
43		22		31		0		5		0
44		59		31		1		2		0
45		55		31		2		2		0
46		23		32		1		5		0
47		51		32		2		2		0
48		59		32		0		2		0
49		24		33		2		5		0
50		60		33		0		2		0
51		59		33		1		2		0
52		25		34		0		5		0
53		56		34		1		2		0
54		53		34		2		2		0
55		26		35		1		5		0
56		60		35		0		2		0
57		52		35		2		2		0
58		27		36		1		5		0
59		58		36		2		2		0
60		52		36		0		2		0
61		28		37		0		5		0
62		57		37		1		2		0
63		52		37		2		2		0
64		29		38		0		5		0
65		57		38		1		2		0
66		58		38		2		2		0
67		30		39		1		5		0
68		52		39		0		2		0
69		55		39		2		2		0
70		31		40		1		5		0
71		32		40		2		5		0
72		53		40		0		2		0
73		33		41		0		5		0
74		34		41		2		5		0
75		59		41		1		2		0
76		35		42		1		5		0
77		36		42		2		5		0
78		51		42		0		2		0
79		37		43		1		5		0
80		38		43		2		5		0
81		52		43		0		2		0
82		39		44		0		5		0
83		40		44		1		5		0
84		57		44		2		2		0
85		41		45		1		5		0
86		42		45		2		5		0
87		53		45		0		2		0
88		43		46		0		5		0
89		44		46		2		5		0
90		60		46		1		2		0
91		45		47		1		5		0
92		46		47		2		5		0
93		60		47		0		2		0
94		47		48		1		5		0
95		48		48		2		5		0
96		55		48		0		2		0
97		49		49		2		5		0
98		50		49		0		5		0
99		59		49		1		2		0
