U_50small_4.txt

VEHICLE     CAPACITY  LOCATIONS  CUSTOMER  OPTIONS  PRIORITIES  NUMTYPS
10		150		61		50		100		3		4

CUSTOMER  DEMAND
0	 16
1	 17
2	 14
3	 11
4	 17
5	 11
6	 19
7	 12
8	 17
9	 11
10	 19
11	 10
12	 14
13	 16
14	 10
15	 10
16	 17
17	 19
18	 13
19	 16
20	 20
21	 17
22	 12
23	 20
24	 15
25	 19
26	 16
27	 10
28	 14
29	 16
30	 18
31	 15
32	 16
33	 17
34	 17
35	 20
36	 15
37	 12
38	 20
39	 15
40	 19
41	 19
42	 19
43	 11
44	 14
45	 20
46	 18
47	 17
48	 19
49	 15

LOCATION  XCOORD  YCOORD  CAP  READY  DUE  TYP  SERVICETIME
0		26		39		-1		0		720	 0		0
1		5		40		-1		635		695		 2		6
2		3		4		-1		526		586		 2		6
3		21		40		-1		403		463		 2		6
4		31		15		-1		191		251		 2		6
5		11		50		-1		158		218		 2		6
6		14		10		-1		105		165		 2		6
7		10		49		-1		641		701		 2		6
8		42		40		-1		297		357		 2		6
9		30		21		-1		640		700		 2		6
10		21		40		-1		526		586		 2		6
11		33		31		-1		660		720		 2		6
12		9		12		-1		258		318		 2		6
13		23		38		-1		486		546		 2		6
14		13		2		-1		529		589		 2		6
15		14		47		-1		597		657		 2		6
16		1		16		-1		40		100		 2		6
17		19		21		-1		498		558		 2		6
18		26		37		-1		645		705		 2		6
19		44		25		-1		527		587		 2		6
20		40		42		-1		479		539		 2		6
21		17		34		-1		75		135		 2		6
22		17		30		-1		347		407		 2		6
23		50		14		-1		81		141		 2		6
24		10		49		-1		141		201		 2		6
25		38		40		-1		169		229		 2		6
26		24		5		-1		543		603		 2		6
27		28		6		-1		419		479		 2		6
28		10		30		-1		84		144		 2		6
29		23		49		-1		367		427		 2		6
30		34		30		-1		489		549		 2		6
31		19		10		-1		446		506		 2		6
32		27		15		-1		562		622		 2		6
33		2		25		-1		481		541		 2		6
34		22		46		-1		340		400		 2		6
35		23		13		-1		532		592		 2		6
36		28		46		-1		439		499		 2		6
37		27		45		-1		629		689		 2		6
38		7		10		-1		91		151		 2		6
39		17		8		-1		38		98		 2		6
40		28		3		-1		497		557		 2		6
41		24		25		-1		381		441		 2		6
42		33		14		-1		327		387		 2		6
43		37		25		-1		652		712		 2		6
44		34		28		-1		311		371		 2		6
45		15		34		-1		128		188		 2		6
46		25		50		-1		335		395		 2		6
47		38		15		-1		639		699		 2		6
48		50		32		-1		568		628		 2		6
49		14		44		-1		423		483		 2		6
50		1		13		-1		548		608		 2		6
51		10		27		3		241		481		 1		4
52		41		24		5		96		336		 1		4
53		9		17		4		268		508		 1		4
54		41		14		5		442		682		 1		4
55		25		18		4		402		642		 1		4
56		26		5		3		136		376		 1		4
57		30		43		4		478		718		 1		4
58		36		38		5		130		370		 1		4
59		21		33		3		50		290		 1		4
60		27		7		3		362		602		 1		4
OPTION  LOCATION  CUSTOMER  PRIO  SERVICETIME   COST
0		60		0		0		2		0
1		57		1		0		2		0
2		57		2		0		2		0
3		53		3		0		2		0
4		58		4		0		2		0
5		60		5		0		2		0
6		58		6		0		2		0
7		55		7		0		2		0
8		53		8		0		2		0
9		54		9		0		2		0
10		1		10		0		5		0
11		2		11		0		5		0
12		3		12		0		5		0
13		4		13		0		5		0
14		5		14		0		5		0
15		6		15		0		5		0
16		7		16		0		5		0
17		8		17		0		5		0
18		9		18		0		5		0
19		10		19		0		5		0
20		11		20		0		5		0
21		52		20		1		2		0
22		12		21		0		5		0
23		51		21		1		2		0
24		13		22		1		5		0
25		55		22		0		2		0
26		14		23		0		5		0
27		60		23		1		2		0
28		15		24		0		5		0
29		58		24		1		2		0
30		16		25		0		5		0
31		51		25		1		2		0
32		17		26		1		5		0
33		51		26		0		2		0
34		18		27		1		5		0
35		58		27		0		2		0
36		19		28		1		5		0
37		57		28		0		2		0
38		20		29		0		5		0
39		52		29		1		2		0
40		21		30		2		5		0
41		60		30		1		2		0
42		57		30		0		2		0
43		22		31		2		5		0
44		51		31		0		2		0
45		58		31		1		2		0
46		23		32		1		5		0
47		56		32		2		2		0
48		55		32		0		2		0
49		24		33		2		5		0
50		51		33		0		2		0
51		53		33		1		2		0
52		25		34		0		5		0
53		55		34		2		2		0
54		56		34		1		2		0
55		26		35		0		5		0
56		57		35		2		2		0
57		59		35		1		2		0
58		27		36		2		5		0
59		55		36		1		2		0
60		60		36		0		2		0
61		28		37		0		5		0
62		53		37		2		2		0
63		52		37		1		2		0
64		29		38		1		5		0
65		52		38		2		2		0
66		57		38		0		2		0
67		30		39		2		5		0
68		57		39		0		2		0
69		52		39		1		2		0
70		31		40		0		5		0
71		32		40		2		5		0
72		56		40		1		2		0
73		33		41		2		5		0
74		34		41		0		5		0
75		59		41		1		2		0
76		35		42		1		5		0
77		36		42		2		5		0
78		56		42		0		2		0
79		37		43		1		5		0
80		38		43		0		5		0
81		53		43		2		2		0
82		39		44		0		5		0
83		40		44		1		5		0
84		54		44		2		2		0
85		41		45		0		5		0
86		42		45		1		5		0
87		55		45		2		2		0
88		43		46		2		5		0
89		44		46		0		5		0
90		59		46		1		2		0
91		45		47		2		5		0
92		46		47		0		5		0
93		59		47		1		2		0
94		47		48		2		5		0
95		48		48		1		5		0
96		54		48		0		2		0
97		49		49		0		5		0
98		50		49		1		5		0
99		57		49		2		2		0
