U_50small_3.txt

VEHICLE     CAPACITY  LOCATIONS  CUSTOMER  OPTIONS  PRIORITIES  NUMTYPS
10		150		61		50		100		3		4

CUSTOMER  DEMAND
0	 13
1	 14
2	 20
3	 12
4	 11
5	 16
6	 20
7	 11
8	 11
9	 15
10	 19
11	 17
12	 12
13	 14
14	 15
15	 18
16	 11
17	 16
18	 10
19	 10
20	 10
21	 20
22	 15
23	 14
24	 14
25	 18
26	 18
27	 16
28	 17
29	 14
30	 14
31	 12
32	 18
33	 11
34	 16
35	 12
36	 10
37	 19
38	 14
39	 15
40	 16
41	 17
42	 16
43	 17
44	 13
45	 15
46	 10
47	 15
48	 14
49	 10

LOCATION  XCOORD  YCOORD  CAP  READY  DUE  TYP  SERVICETIME
0		20		6		-1		0		720	 0		0
1		22		11		-1		600		660		 2		6
2		7		32		-1		563		623		 2		6
3		32		43		-1		354		414		 2		6
4		8		36		-1		426		486		 2		6
5		48		9		-1		68		128		 2		6
6		25		2		-1		659		719		 2		6
7		39		31		-1		101		161		 2		6
8		1		48		-1		476		536		 2		6
9		27		13		-1		347		407		 2		6
10		17		7		-1		640		700		 2		6
11		50		44		-1		613		673		 2		6
12		14		25		-1		121		181		 2		6
13		9		23		-1		159		219		 2		6
14		30		40		-1		309		369		 2		6
15		35		49		-1		397		457		 2		6
16		31		38		-1		435		495		 2		6
17		1		38		-1		40		100		 2		6
18		7		45		-1		123		183		 2		6
19		20		28		-1		209		269		 2		6
20		32		32		-1		335		395		 2		6
21		35		10		-1		435		495		 2		6
22		47		19		-1		195		255		 2		6
23		47		50		-1		397		457		 2		6
24		23		38		-1		275		335		 2		6
25		50		2		-1		407		467		 2		6
26		50		7		-1		529		589		 2		6
27		17		49		-1		645		705		 2		6
28		44		35		-1		440		500		 2		6
29		15		41		-1		170		230		 2		6
30		1		46		-1		177		237		 2		6
31		11		9		-1		576		636		 2		6
32		38		43		-1		285		345		 2		6
33		24		34		-1		260		320		 2		6
34		30		25		-1		635		695		 2		6
35		17		3		-1		517		577		 2		6
36		8		22		-1		183		243		 2		6
37		44		29		-1		241		301		 2		6
38		15		37		-1		280		340		 2		6
39		14		26		-1		228		288		 2		6
40		45		4		-1		634		694		 2		6
41		41		13		-1		422		482		 2		6
42		50		49		-1		525		585		 2		6
43		4		47		-1		191		251		 2		6
44		23		28		-1		586		646		 2		6
45		47		38		-1		426		486		 2		6
46		35		8		-1		217		277		 2		6
47		20		39		-1		344		404		 2		6
48		17		47		-1		628		688		 2		6
49		22		48		-1		378		438		 2		6
50		44		40		-1		69		129		 2		6
51		18		26		5		200		440		 1		4
52		6		29		4		14		254		 1		4
53		22		8		3		1		241		 1		4
54		40		8		5		35		275		 1		4
55		19		36		3		463		703		 1		4
56		44		22		3		44		284		 1		4
57		30		15		5		405		645		 1		4
58		43		19		4		363		603		 1		4
59		25		12		4		214		454		 1		4
60		5		39		4		324		564		 1		4
OPTION  LOCATION  CUSTOMER  PRIO  SERVICETIME   COST
0		54		0		0		2		0
1		54		1		0		2		0
2		54		2		0		2		0
3		51		3		0		2		0
4		59		4		0		2		0
5		51		5		0		2		0
6		53		6		0		2		0
7		60		7		0		2		0
8		54		8		0		2		0
9		52		9		0		2		0
10		1		10		0		5		0
11		2		11		0		5		0
12		3		12		0		5		0
13		4		13		0		5		0
14		5		14		0		5		0
15		6		15		0		5		0
16		7		16		0		5		0
17		8		17		0		5		0
18		9		18		0		5		0
19		10		19		0		5		0
20		11		20		1		5		0
21		59		20		0		2		0
22		12		21		0		5		0
23		59		21		1		2		0
24		13		22		1		5		0
25		57		22		0		2		0
26		14		23		1		5		0
27		57		23		0		2		0
28		15		24		0		5		0
29		60		24		1		2		0
30		16		25		0		5		0
31		56		25		1		2		0
32		17		26		1		5		0
33		52		26		0		2		0
34		18		27		0		5		0
35		59		27		1		2		0
36		19		28		1		5		0
37		54		28		0		2		0
38		20		29		0		5		0
39		58		29		1		2		0
40		21		30		1		5		0
41		57		30		0		2		0
42		56		30		2		2		0
43		22		31		1		5		0
44		57		31		2		2		0
45		59		31		0		2		0
46		23		32		2		5		0
47		56		32		0		2		0
48		60		32		1		2		0
49		24		33		0		5		0
50		52		33		2		2		0
51		53		33		1		2		0
52		25		34		0		5		0
53		54		34		2		2		0
54		57		34		1		2		0
55		26		35		2		5		0
56		56		35		0		2		0
57		59		35		1		2		0
58		27		36		1		5		0
59		60		36		2		2		0
60		59		36		0		2		0
61		28		37		2		5		0
62		54		37		1		2		0
63		55		37		0		2		0
64		29		38		1		5		0
65		55		38		0		2		0
66		60		38		2		2		0
67		30		39		0		5		0
68		54		39		2		2		0
69		51		39		1		2		0
70		31		40		0		5		0
71		32		40		1		5		0
72		57		40		2		2		0
73		33		41		0		5		0
74		34		41		1		5		0
75		51		41		2		2		0
76		35		42		0		5		0
77		36		42		2		5		0
78		54		42		1		2		0
79		37		43		1		5		0
80		38		43		0		5		0
81		56		43		2		2		0
82		39		44		0		5		0
83		40		44		1		5		0
84		54		44		2		2		0
85		41		45		1		5		0
86		42		45		0		5		0
87		57		45		2		2		0
88		43		46		2		5		0
89		44		46		1		5		0
90		59		46		0		2		0
91		45		47		0		5		0
92		46		47		1		5		0
93		53		47		2		2		0
94		47		48		2		5		0
95		48		48		0		5		0
96		51		48		1		2		0
97		49		49		2		5		0
98		50		49		0		5		0
99		56		49		1		2		0
