UBC_50_5.txt

VEHICLE     CAPACITY  LOCATIONS  CUSTOMER  OPTIONS  PRIORITIES  NUMTYPS
10		400		53		50		100		3		4

CUSTOMER  DEMAND
0	 20
1	 14
2	 14
3	 10
4	 20
5	 18
6	 20
7	 15
8	 14
9	 19
10	 18
11	 10
12	 18
13	 19
14	 10
15	 11
16	 19
17	 12
18	 15
19	 16
20	 18
21	 13
22	 15
23	 19
24	 14
25	 10
26	 11
27	 13
28	 11
29	 14
30	 16
31	 18
32	 17
33	 17
34	 12
35	 12
36	 20
37	 14
38	 19
39	 12
40	 15
41	 11
42	 12
43	 15
44	 10
45	 13
46	 10
47	 10
48	 20
49	 15

LOCATION  XCOORD  YCOORD  CAP  READY  DUE  TYP  SERVICETIME
0		37		25		-1		0		720	 0		0
1		37		50		-1		404		524		 2		6
2		38		36		-1		344		584		 2		6
3		40		31		-1		360		720		 2		6
4		7		21		-1		360		720		 2		6
5		44		11		-1		315		555		 2		6
6		2		42		-1		0		360		 2		6
7		50		8		-1		149		269		 2		6
8		27		8		-1		0		360		 2		6
9		16		20		-1		360		720		 2		6
10		20		33		-1		47		167		 2		6
11		29		14		-1		360		720		 2		6
12		20		39		-1		360		720		 2		6
13		12		13		-1		590		710		 2		6
14		11		20		-1		354		594		 2		6
15		28		44		-1		407		527		 2		6
16		5		14		-1		0		360		 2		6
17		17		35		-1		81		321		 2		6
18		22		14		-1		0		360		 2		6
19		1		4		-1		0		360		 2		6
20		45		39		-1		519		639		 2		6
21		42		46		-1		230		470		 2		6
22		49		23		-1		28		268		 2		6
23		40		14		-1		112		232		 2		6
24		13		7		-1		94		334		 2		6
25		3		32		-1		417		657		 2		6
26		35		26		-1		350		590		 2		6
27		48		32		-1		0		360		 2		6
28		39		35		-1		360		720		 2		6
29		20		17		-1		114		234		 2		6
30		18		20		-1		360		720		 2		6
31		3		7		-1		72		192		 2		6
32		35		38		-1		115		235		 2		6
33		47		16		-1		360		720		 2		6
34		4		22		-1		29		149		 2		6
35		5		7		-1		0		360		 2		6
36		26		38		-1		360		720		 2		6
37		7		29		-1		359		599		 2		6
38		47		36		-1		238		478		 2		6
39		37		7		-1		368		488		 2		6
40		45		24		-1		360		720		 2		6
41		26		43		-1		360		720		 2		6
42		22		42		-1		360		720		 2		6
43		23		45		-1		308		548		 2		6
44		6		28		-1		454		574		 2		6
45		23		26		-1		322		562		 2		6
46		19		20		-1		44		164		 2		6
47		42		7		-1		0		360		 2		6
48		14		46		-1		360		720		 2		6
49		25		7		-1		490		610		 2		6
50		7		25		-1		285		525		 2		6
51		30		9		15		0		720		 1		4
52		41		29		21		0		720		 1		4
OPTION  LOCATION  CUSTOMER  PRIO  SERVICETIME   COST
0		51		0		0		2		0
1		51		1		0		2		0
2		51		2		0		2		0
3		52		3		0		2		0
4		52		4		0		2		0
5		52		5		0		2		0
6		51		6		0		2		0
7		51		7		0		2		0
8		52		8		0		2		0
9		52		9		0		2		0
10		1		10		0		5		0
11		2		11		0		5		0
12		3		12		0		5		0
13		4		13		0		5		0
14		5		14		0		5		0
15		6		15		0		5		0
16		7		16		0		5		0
17		8		17		0		5		0
18		9		18		0		5		0
19		10		19		0		5		0
20		11		20		0		5		0
21		51		20		1		2		0
22		12		21		1		5		0
23		52		21		0		2		0
24		13		22		1		5		0
25		51		22		0		2		0
26		14		23		0		5		0
27		52		23		1		2		0
28		15		24		1		5		0
29		51		24		0		2		0
30		16		25		0		5		0
31		52		25		1		2		0
32		17		26		0		5		0
33		51		26		1		2		0
34		18		27		1		5		0
35		51		27		0		2		0
36		19		28		1		5		0
37		52		28		0		2		0
38		20		29		1		5		0
39		52		29		0		2		0
40		21		30		0		5		0
41		52		30		2		2		0
42		51		30		1		2		0
43		22		31		2		5		0
44		51		31		0		2		0
45		52		31		1		2		0
46		23		32		2		5		0
47		51		32		1		2		0
48		52		32		0		2		0
49		24		33		2		5		0
50		52		33		0		2		0
51		51		33		1		2		0
52		25		34		0		5		0
53		52		34		2		2		0
54		51		34		1		2		0
55		26		35		0		5		0
56		52		35		1		2		0
57		51		35		2		2		0
58		27		36		1		5		0
59		52		36		2		2		0
60		51		36		0		2		0
61		28		37		1		5		0
62		52		37		2		2		0
63		51		37		0		2		0
64		29		38		0		5		0
65		52		38		2		2		0
66		51		38		1		2		0
67		30		39		0		5		0
68		52		39		1		2		0
69		51		39		2		2		0
70		31		40		0		5		0
71		32		40		1		5		0
72		52		40		2		2		0
73		33		41		0		5		0
74		34		41		2		5		0
75		51		41		1		2		0
76		35		42		1		5		0
77		36		42		2		5		0
78		52		42		0		2		0
79		37		43		2		5		0
80		38		43		1		5		0
81		52		43		0		2		0
82		39		44		2		5		0
83		40		44		0		5		0
84		51		44		1		2		0
85		41		45		1		5		0
86		42		45		2		5		0
87		51		45		0		2		0
88		43		46		0		5		0
89		44		46		1		5		0
90		52		46		2		2		0
91		45		47		2		5		0
92		46		47		1		5		0
93		52		47		0		2		0
94		47		48		1		5		0
95		48		48		2		5		0
96		52		48		0		2		0
97		49		49		2		5		0
98		50		49		1		5		0
99		51		49		0		2		0
