UBC_50_8.txt

VEHICLE     CAPACITY  LOCATIONS  CUSTOMER  OPTIONS  PRIORITIES  NUMTYPS
10		400		53		50		100		3		4

CUSTOMER  DEMAND
0	 20
1	 10
2	 19
3	 19
4	 14
5	 10
6	 14
7	 17
8	 16
9	 11
10	 20
11	 13
12	 19
13	 18
14	 19
15	 20
16	 12
17	 14
18	 19
19	 19
20	 18
21	 19
22	 19
23	 20
24	 13
25	 15
26	 18
27	 16
28	 13
29	 11
30	 11
31	 10
32	 16
33	 14
34	 20
35	 12
36	 19
37	 12
38	 18
39	 16
40	 13
41	 10
42	 11
43	 12
44	 13
45	 13
46	 17
47	 17
48	 15
49	 11

LOCATION  XCOORD  YCOORD  CAP  READY  DUE  TYP  SERVICETIME
0		36		30		-1		0		720	 0		0
1		41		35		-1		0		360		 2		6
2		46		23		-1		0		360		 2		6
3		46		13		-1		34		154		 2		6
4		46		2		-1		424		664		 2		6
5		9		32		-1		360		720		 2		6
6		27		13		-1		360		720		 2		6
7		46		37		-1		0		360		 2		6
8		4		5		-1		166		286		 2		6
9		22		1		-1		0		360		 2		6
10		33		6		-1		462		702		 2		6
11		8		29		-1		360		720		 2		6
12		2		2		-1		194		314		 2		6
13		13		15		-1		390		510		 2		6
14		20		2		-1		0		360		 2		6
15		14		26		-1		14		254		 2		6
16		7		13		-1		168		288		 2		6
17		37		15		-1		575		695		 2		6
18		41		45		-1		0		360		 2		6
19		49		17		-1		536		656		 2		6
20		7		38		-1		506		626		 2		6
21		11		13		-1		499		619		 2		6
22		45		31		-1		5		245		 2		6
23		20		23		-1		0		360		 2		6
24		34		7		-1		360		720		 2		6
25		39		46		-1		301		541		 2		6
26		25		42		-1		360		720		 2		6
27		14		13		-1		360		720		 2		6
28		30		1		-1		360		720		 2		6
29		9		12		-1		371		491		 2		6
30		11		45		-1		140		260		 2		6
31		18		1		-1		428		548		 2		6
32		40		38		-1		423		543		 2		6
33		4		18		-1		593		713		 2		6
34		20		38		-1		402		522		 2		6
35		49		26		-1		270		510		 2		6
36		1		19		-1		599		719		 2		6
37		27		30		-1		0		360		 2		6
38		37		30		-1		533		653		 2		6
39		21		4		-1		39		159		 2		6
40		47		30		-1		403		643		 2		6
41		33		25		-1		418		538		 2		6
42		1		30		-1		570		690		 2		6
43		9		36		-1		189		309		 2		6
44		25		15		-1		0		360		 2		6
45		44		47		-1		261		501		 2		6
46		7		44		-1		190		310		 2		6
47		22		21		-1		410		650		 2		6
48		37		19		-1		6		126		 2		6
49		16		41		-1		389		629		 2		6
50		39		27		-1		82		202		 2		6
51		10		29		22		0		720		 1		4
52		34		27		23		0		720		 1		4
OPTION  LOCATION  CUSTOMER  PRIO  SERVICETIME   COST
0		51		0		0		2		0
1		51		1		0		2		0
2		51		2		0		2		0
3		51		3		0		2		0
4		52		4		0		2		0
5		52		5		0		2		0
6		51		6		0		2		0
7		52		7		0		2		0
8		52		8		0		2		0
9		51		9		0		2		0
10		1		10		0		5		0
11		2		11		0		5		0
12		3		12		0		5		0
13		4		13		0		5		0
14		5		14		0		5		0
15		6		15		0		5		0
16		7		16		0		5		0
17		8		17		0		5		0
18		9		18		0		5		0
19		10		19		0		5		0
20		11		20		1		5		0
21		51		20		0		2		0
22		12		21		1		5		0
23		51		21		0		2		0
24		13		22		1		5		0
25		52		22		0		2		0
26		14		23		0		5		0
27		52		23		1		2		0
28		15		24		0		5		0
29		52		24		1		2		0
30		16		25		1		5		0
31		51		25		0		2		0
32		17		26		0		5		0
33		51		26		1		2		0
34		18		27		0		5		0
35		51		27		1		2		0
36		19		28		1		5		0
37		52		28		0		2		0
38		20		29		0		5		0
39		51		29		1		2		0
40		21		30		2		5		0
41		52		30		0		2		0
42		51		30		1		2		0
43		22		31		2		5		0
44		52		31		0		2		0
45		51		31		1		2		0
46		23		32		2		5		0
47		51		32		0		2		0
48		52		32		1		2		0
49		24		33		0		5		0
50		52		33		1		2		0
51		51		33		2		2		0
52		25		34		1		5		0
53		52		34		0		2		0
54		51		34		2		2		0
55		26		35		0		5		0
56		52		35		1		2		0
57		51		35		2		2		0
58		27		36		2		5		0
59		52		36		1		2		0
60		51		36		0		2		0
61		28		37		1		5		0
62		51		37		2		2		0
63		52		37		0		2		0
64		29		38		2		5		0
65		52		38		0		2		0
66		51		38		1		2		0
67		30		39		2		5		0
68		51		39		1		2		0
69		52		39		0		2		0
70		31		40		2		5		0
71		32		40		1		5		0
72		51		40		0		2		0
73		33		41		1		5		0
74		34		41		2		5		0
75		51		41		0		2		0
76		35		42		2		5		0
77		36		42		0		5		0
78		51		42		1		2		0
79		37		43		1		5		0
80		38		43		2		5		0
81		51		43		0		2		0
82		39		44		1		5		0
83		40		44		2		5		0
84		52		44		0		2		0
85		41		45		2		5		0
86		42		45		0		5		0
87		52		45		1		2		0
88		43		46		0		5		0
89		44		46		1		5		0
90		52		46		2		2		0
91		45		47		2		5		0
92		46		47		1		5		0
93		52		47		0		2		0
94		47		48		2		5		0
95		48		48		0		5		0
96		52		48		1		2		0
97		49		49		1		5		0
98		50		49		0		5		0
99		52		49		2		2		0
