UBC_50_9.txt

VEHICLE     CAPACITY  LOCATIONS  CUSTOMER  OPTIONS  PRIORITIES  NUMTYPS
10		400		53		50		100		3		4

CUSTOMER  DEMAND
0	 14
1	 15
2	 10
3	 17
4	 13
5	 10
6	 16
7	 16
8	 17
9	 11
10	 14
11	 16
12	 10
13	 13
14	 16
15	 12
16	 18
17	 14
18	 12
19	 20
20	 20
21	 10
22	 19
23	 17
24	 12
25	 19
26	 16
27	 13
28	 11
29	 15
30	 18
31	 11
32	 16
33	 15
34	 17
35	 16
36	 18
37	 20
38	 16
39	 20
40	 11
41	 12
42	 16
43	 19
44	 18
45	 19
46	 16
47	 20
48	 19
49	 11

LOCATION  XCOORD  YCOORD  CAP  READY  DUE  TYP  SERVICETIME
0		49		8		-1		0		720	 0		0
1		14		18		-1		122		362		 2		6
2		43		28		-1		315		555		 2		6
3		15		31		-1		354		594		 2		6
4		50		10		-1		77		317		 2		6
5		28		38		-1		559		679		 2		6
6		26		4		-1		459		699		 2		6
7		41		26		-1		584		704		 2		6
8		50		2		-1		0		360		 2		6
9		23		10		-1		36		156		 2		6
10		45		28		-1		360		720		 2		6
11		36		33		-1		360		720		 2		6
12		42		14		-1		0		360		 2		6
13		36		29		-1		203		323		 2		6
14		5		4		-1		232		352		 2		6
15		9		6		-1		557		677		 2		6
16		9		40		-1		233		353		 2		6
17		1		24		-1		308		548		 2		6
18		9		9		-1		360		720		 2		6
19		34		25		-1		0		360		 2		6
20		8		36		-1		513		633		 2		6
21		34		28		-1		351		591		 2		6
22		17		50		-1		0		360		 2		6
23		48		42		-1		6		126		 2		6
24		45		25		-1		360		720		 2		6
25		50		50		-1		360		720		 2		6
26		44		1		-1		0		360		 2		6
27		25		36		-1		154		274		 2		6
28		33		8		-1		428		548		 2		6
29		26		6		-1		411		531		 2		6
30		7		8		-1		174		294		 2		6
31		17		32		-1		55		295		 2		6
32		28		7		-1		360		720		 2		6
33		30		8		-1		360		720		 2		6
34		49		41		-1		81		201		 2		6
35		35		44		-1		0		360		 2		6
36		27		46		-1		360		720		 2		6
37		21		37		-1		507		627		 2		6
38		33		36		-1		171		291		 2		6
39		24		45		-1		360		720		 2		6
40		45		20		-1		360		720		 2		6
41		1		31		-1		323		563		 2		6
42		34		32		-1		360		720		 2		6
43		33		37		-1		177		297		 2		6
44		48		33		-1		218		458		 2		6
45		2		4		-1		360		720		 2		6
46		34		10		-1		0		360		 2		6
47		22		12		-1		0		360		 2		6
48		6		47		-1		0		360		 2		6
49		40		47		-1		360		720		 2		6
50		48		17		-1		200		320		 2		6
51		29		35		30		19		499		 1		4
52		41		20		30		108		588		 1		4
OPTION  LOCATION  CUSTOMER  PRIO  SERVICETIME   COST
0		51		0		0		2		0
1		51		1		0		2		0
2		51		2		0		2		0
3		52		3		0		2		0
4		52		4		0		2		0
5		52		5		0		2		0
6		52		6		0		2		0
7		52		7		0		2		0
8		52		8		0		2		0
9		52		9		0		2		0
10		1		10		0		5		0
11		2		11		0		5		0
12		3		12		0		5		0
13		4		13		0		5		0
14		5		14		0		5		0
15		6		15		0		5		0
16		7		16		0		5		0
17		8		17		0		5		0
18		9		18		0		5		0
19		10		19		0		5		0
20		11		20		1		5		0
21		52		20		0		2		0
22		12		21		0		5		0
23		52		21		1		2		0
24		13		22		1		5		0
25		52		22		0		2		0
26		14		23		1		5		0
27		51		23		0		2		0
28		15		24		1		5		0
29		52		24		0		2		0
30		16		25		0		5		0
31		52		25		1		2		0
32		17		26		0		5		0
33		51		26		1		2		0
34		18		27		0		5		0
35		51		27		1		2		0
36		19		28		0		5		0
37		52		28		1		2		0
38		20		29		1		5		0
39		51		29		0		2		0
40		21		30		2		5		0
41		51		30		1		2		0
42		52		30		0		2		0
43		22		31		2		5		0
44		51		31		1		2		0
45		52		31		0		2		0
46		23		32		0		5		0
47		51		32		1		2		0
48		52		32		2		2		0
49		24		33		2		5		0
50		51		33		0		2		0
51		52		33		1		2		0
52		25		34		1		5		0
53		52		34		0		2		0
54		51		34		2		2		0
55		26		35		2		5		0
56		51		35		0		2		0
57		52		35		1		2		0
58		27		36		1		5		0
59		51		36		2		2		0
60		52		36		0		2		0
61		28		37		2		5		0
62		52		37		1		2		0
63		51		37		0		2		0
64		29		38		1		5		0
65		52		38		2		2		0
66		51		38		0		2		0
67		30		39		1		5		0
68		52		39		2		2		0
69		51		39		0		2		0
70		31		40		0		5		0
71		32		40		1		5		0
72		51		40		2		2		0
73		33		41		1		5		0
74		34		41		2		5		0
75		51		41		0		2		0
76		35		42		1		5		0
77		36		42		2		5		0
78		51		42		0		2		0
79		37		43		1		5		0
80		38		43		2		5		0
81		52		43		0		2		0
82		39		44		1		5		0
83		40		44		2		5		0
84		51		44		0		2		0
85		41		45		0		5		0
86		42		45		1		5		0
87		51		45		2		2		0
88		43		46		1		5		0
89		44		46		2		5		0
90		52		46		0		2		0
91		45		47		0		5		0
92		46		47		1		5		0
93		52		47		2		2		0
94		47		48		0		5		0
95		48		48		2		5		0
96		51		48		1		2		0
97		49		49		1		5		0
98		50		49		0		5		0
99		51		49		2		2		0
