V_25small_6.txt

VEHICLE     CAPACITY  LOCATIONS  CUSTOMER  OPTIONS  PRIORITIES  NUMTYPS
10		150		25		25		38		3		4

CUSTOMER  DEMAND
0	 15
1	 11
2	 12
3	 10
4	 19
5	 10
6	 13
7	 12
8	 17
9	 11
10	 11
11	 17
12	 11
13	 12
14	 19
15	 16
16	 20
17	 19
18	 17
19	 12
20	 14
21	 18
22	 17
23	 19
24	 14

LOCATION  XCOORD  YCOORD  CAP  READY  DUE  TYP  SERVICETIME
0		13		8		-1		0		720	 0		0
1		29		31		-1		526		586		 2		6
2		15		26		-1		221		281		 2		6
3		34		28		-1		266		326		 2		6
4		50		20		-1		425		485		 2		6
5		24		30		-1		399		459		 2		6
6		14		40		-1		477		537		 2		6
7		7		40		-1		115		175		 2		6
8		35		24		-1		278		338		 2		6
9		36		30		-1		167		227		 2		6
10		8		49		-1		543		603		 2		6
11		30		26		-1		317		377		 2		6
12		4		48		-1		417		477		 2		6
13		11		28		-1		399		459		 2		6
14		19		18		-1		349		409		 2		6
15		36		40		-1		544		604		 2		6
16		8		11		-1		547		607		 2		6
17		34		9		-1		314		374		 2		6
18		34		21		-1		244		304		 2		6
19		34		4		-1		121		181		 2		6
20		34		19		3		427		667		 1		4
21		9		44		4		0		240		 1		4
22		41		42		5		329		569		 1		4
23		23		7		3		467		707		 1		4
24		43		19		3		223		463		 1		4
OPTION  LOCATION  CUSTOMER  PRIO  SERVICETIME   COST
0		20		0		0		2		0
1		23		1		0		2		0
2		23		2		0		2		0
3		22		3		0		2		0
4		22		4		0		2		0
5		24		5		0		2		0
6		1		6		0		5		0
7		2		7		0		5		0
8		3		8		0		5		0
9		4		9		0		5		0
10		5		10		0		5		0
11		6		11		0		5		0
12		7		12		0		5		0
13		23		12		1		2		0
14		8		13		0		5		0
15		22		13		1		2		0
16		9		14		0		5		0
17		21		14		1		2		0
18		10		15		1		5		0
19		22		15		0		2		0
20		11		16		0		5		0
21		24		16		1		2		0
22		12		17		1		5		0
23		23		17		0		2		0
24		13		18		0		5		0
25		23		18		1		2		0
26		14		19		0		5		0
27		24		19		1		2		0
28		15		20		1		5		0
29		24		20		0		2		0
30		16		21		0		5		0
31		22		21		1		2		0
32		17		22		1		5		0
33		22		22		0		2		0
34		18		23		0		5		0
35		21		23		1		2		0
36		19		24		1		5		0
37		22		24		0		2		0
