V_25_3.txt

VEHICLE     CAPACITY  LOCATIONS  CUSTOMER  OPTIONS  PRIORITIES  NUMTYPS
10		150		25		25		38		3		4

CUSTOMER  DEMAND
0	 12
1	 19
2	 17
3	 14
4	 20
5	 15
6	 12
7	 16
8	 14
9	 11
10	 16
11	 12
12	 11
13	 19
14	 16
15	 10
16	 20
17	 10
18	 18
19	 15
20	 10
21	 20
22	 19
23	 10
24	 15

LOCATION  XCOORD  YCOORD  CAP  READY  DUE  TYP  SERVICETIME
0		16		29		-1		0		720	 0		0
1		32		44		-1		448		568		 2		6
2		14		13		-1		435		555		 2		6
3		13		4		-1		377		617		 2		6
4		18		50		-1		360		720		 2		6
5		10		31		-1		360		720		 2		6
6		12		36		-1		582		702		 2		6
7		44		9		-1		533		653		 2		6
8		26		42		-1		306		546		 2		6
9		5		3		-1		471		591		 2		6
10		15		43		-1		43		163		 2		6
11		1		50		-1		360		720		 2		6
12		16		20		-1		0		360		 2		6
13		14		4		-1		183		423		 2		6
14		16		12		-1		0		360		 2		6
15		12		26		-1		106		346		 2		6
16		29		7		-1		0		360		 2		6
17		4		22		-1		104		224		 2		6
18		16		13		-1		360		720		 2		6
19		32		20		-1		170		290		 2		6
20		26		17		5		238		718		 1		4
21		21		23		5		0		720		 1		4
22		11		29		4		0		720		 1		4
23		23		31		5		220		700		 1		4
24		32		23		5		118		598		 1		4
OPTION  LOCATION  CUSTOMER  PRIO  SERVICETIME   COST
0		23		0		0		2		0
1		21		1		0		2		0
2		20		2		0		2		0
3		22		3		0		2		0
4		24		4		0		2		0
5		24		5		0		2		0
6		1		6		0		5		0
7		2		7		0		5		0
8		3		8		0		5		0
9		4		9		0		5		0
10		5		10		0		5		0
11		6		11		0		5		0
12		7		12		0		5		0
13		22		12		1		2		0
14		8		13		0		5		0
15		21		13		1		2		0
16		9		14		1		5		0
17		22		14		0		2		0
18		10		15		1		5		0
19		22		15		0		2		0
20		11		16		1		5		0
21		20		16		0		2		0
22		12		17		0		5		0
23		24		17		1		2		0
24		13		18		1		5		0
25		22		18		0		2		0
26		14		19		1		5		0
27		21		19		0		2		0
28		15		20		0		5		0
29		21		20		1		2		0
30		16		21		1		5		0
31		21		21		0		2		0
32		17		22		1		5		0
33		24		22		0		2		0
34		18		23		1		5		0
35		22		23		0		2		0
36		19		24		0		5		0
37		21		24		1		2		0
