V_25small_3.txt

VEHICLE     CAPACITY  LOCATIONS  CUSTOMER  OPTIONS  PRIORITIES  NUMTYPS
10		150		25		25		38		3		4

CUSTOMER  DEMAND
0	 20
1	 13
2	 11
3	 15
4	 18
5	 15
6	 19
7	 12
8	 17
9	 12
10	 18
11	 14
12	 10
13	 10
14	 16
15	 15
16	 15
17	 17
18	 10
19	 17
20	 17
21	 15
22	 12
23	 19
24	 10

LOCATION  XCOORD  YCOORD  CAP  READY  DUE  TYP  SERVICETIME
0		7		12		-1		0		720	 0		0
1		15		5		-1		319		379		 2		6
2		46		31		-1		125		185		 2		6
3		49		13		-1		162		222		 2		6
4		28		45		-1		512		572		 2		6
5		11		47		-1		642		702		 2		6
6		28		9		-1		84		144		 2		6
7		47		32		-1		123		183		 2		6
8		50		1		-1		47		107		 2		6
9		4		39		-1		156		216		 2		6
10		6		20		-1		114		174		 2		6
11		7		13		-1		399		459		 2		6
12		48		2		-1		333		393		 2		6
13		25		16		-1		551		611		 2		6
14		42		46		-1		633		693		 2		6
15		33		43		-1		279		339		 2		6
16		35		1		-1		438		498		 2		6
17		33		37		-1		61		121		 2		6
18		38		32		-1		90		150		 2		6
19		50		2		-1		351		411		 2		6
20		25		41		4		59		299		 1		4
21		31		22		4		184		424		 1		4
22		42		9		4		173		413		 1		4
23		16		27		4		253		493		 1		4
24		13		28		4		187		427		 1		4
OPTION  LOCATION  CUSTOMER  PRIO  SERVICETIME   COST
0		24		0		0		2		0
1		20		1		0		2		0
2		20		2		0		2		0
3		21		3		0		2		0
4		23		4		0		2		0
5		21		5		0		2		0
6		1		6		0		5		0
7		2		7		0		5		0
8		3		8		0		5		0
9		4		9		0		5		0
10		5		10		0		5		0
11		6		11		0		5		0
12		7		12		0		5		0
13		22		12		1		2		0
14		8		13		0		5		0
15		21		13		1		2		0
16		9		14		1		5		0
17		23		14		0		2		0
18		10		15		0		5		0
19		22		15		1		2		0
20		11		16		0		5		0
21		21		16		1		2		0
22		12		17		0		5		0
23		23		17		1		2		0
24		13		18		1		5		0
25		23		18		0		2		0
26		14		19		1		5		0
27		20		19		0		2		0
28		15		20		1		5		0
29		22		20		0		2		0
30		16		21		1		5		0
31		22		21		0		2		0
32		17		22		0		5		0
33		22		22		1		2		0
34		18		23		0		5		0
35		22		23		1		2		0
36		19		24		1		5		0
37		23		24		0		2		0
