V_50small_9.txt

VEHICLE     CAPACITY  LOCATIONS  CUSTOMER  OPTIONS  PRIORITIES  NUMTYPS
10		150		49		50		76		3		4

CUSTOMER  DEMAND
0	 15
1	 12
2	 19
3	 15
4	 20
5	 16
6	 19
7	 12
8	 10
9	 19
10	 10
11	 20
12	 17
13	 14
14	 12
15	 11
16	 14
17	 17
18	 16
19	 18
20	 16
21	 14
22	 16
23	 19
24	 14
25	 19
26	 17
27	 17
28	 12
29	 10
30	 19
31	 20
32	 17
33	 18
34	 15
35	 15
36	 15
37	 19
38	 15
39	 18
40	 12
41	 19
42	 13
43	 17
44	 14
45	 18
46	 10
47	 16
48	 16
49	 12

LOCATION  XCOORD  YCOORD  CAP  READY  DUE  TYP  SERVICETIME
0		33		37		-1		0		720	 0		0
1		34		24		-1		134		194		 2		6
2		31		30		-1		77		137		 2		6
3		3		22		-1		96		156		 2		6
4		47		36		-1		228		288		 2		6
5		35		13		-1		402		462		 2		6
6		3		4		-1		288		348		 2		6
7		4		40		-1		103		163		 2		6
8		22		1		-1		648		708		 2		6
9		38		6		-1		460		520		 2		6
10		40		15		-1		386		446		 2		6
11		32		41		-1		607		667		 2		6
12		47		11		-1		240		300		 2		6
13		5		12		-1		595		655		 2		6
14		23		43		-1		92		152		 2		6
15		35		22		-1		480		540		 2		6
16		46		33		-1		273		333		 2		6
17		2		45		-1		621		681		 2		6
18		41		46		-1		140		200		 2		6
19		1		44		-1		380		440		 2		6
20		13		21		-1		186		246		 2		6
21		50		41		-1		365		425		 2		6
22		33		5		-1		417		477		 2		6
23		32		13		-1		362		422		 2		6
24		34		20		-1		455		515		 2		6
25		19		10		-1		561		621		 2		6
26		16		27		-1		560		620		 2		6
27		49		45		-1		384		444		 2		6
28		23		20		-1		52		112		 2		6
29		29		41		-1		199		259		 2		6
30		14		42		-1		399		459		 2		6
31		36		42		-1		479		539		 2		6
32		11		4		-1		138		198		 2		6
33		37		26		-1		402		462		 2		6
34		21		20		-1		542		602		 2		6
35		22		8		-1		241		301		 2		6
36		25		22		-1		577		637		 2		6
37		30		11		-1		409		469		 2		6
38		15		21		-1		548		608		 2		6
39		27		11		3		51		291		 1		4
40		28		42		3		427		667		 1		4
41		32		10		4		141		381		 1		4
42		15		14		4		406		646		 1		4
43		41		32		5		118		358		 1		4
44		16		16		4		15		255		 1		4
45		25		22		5		338		578		 1		4
46		33		42		4		335		575		 1		4
47		11		29		4		444		684		 1		4
48		42		25		3		315		555		 1		4
OPTION  LOCATION  CUSTOMER  PRIO  SERVICETIME   COST
0		44		0		0		2		0
1		46		1		0		2		0
2		44		2		0		2		0
3		45		3		0		2		0
4		47		4		0		2		0
5		39		5		0		2		0
6		43		6		0		2		0
7		47		7		0		2		0
8		42		8		0		2		0
9		40		9		0		2		0
10		44		10		0		2		0
11		45		11		0		2		0
12		1		12		0		5		0
13		2		13		0		5		0
14		3		14		0		5		0
15		4		15		0		5		0
16		5		16		0		5		0
17		6		17		0		5		0
18		7		18		0		5		0
19		8		19		0		5		0
20		9		20		0		5		0
21		10		21		0		5		0
22		11		22		0		5		0
23		12		23		0		5		0
24		13		24		0		5		0
25		47		24		1		2		0
26		14		25		0		5		0
27		43		25		1		2		0
28		15		26		0		5		0
29		43		26		1		2		0
30		16		27		0		5		0
31		40		27		1		2		0
32		17		28		1		5		0
33		46		28		0		2		0
34		18		29		0		5		0
35		39		29		1		2		0
36		19		30		0		5		0
37		46		30		1		2		0
38		20		31		1		5		0
39		40		31		0		2		0
40		21		32		0		5		0
41		48		32		1		2		0
42		22		33		0		5		0
43		45		33		1		2		0
44		23		34		0		5		0
45		47		34		1		2		0
46		24		35		0		5		0
47		43		35		1		2		0
48		25		36		0		5		0
49		48		36		1		2		0
50		26		37		0		5		0
51		44		37		1		2		0
52		27		38		1		5		0
53		45		38		0		2		0
54		28		39		1		5		0
55		44		39		0		2		0
56		29		40		0		5		0
57		44		40		1		2		0
58		30		41		0		5		0
59		44		41		1		2		0
60		31		42		1		5		0
61		48		42		0		2		0
62		32		43		1		5		0
63		48		43		0		2		0
64		33		44		1		5		0
65		46		44		0		2		0
66		34		45		1		5		0
67		39		45		0		2		0
68		35		46		1		5		0
69		44		46		0		2		0
70		36		47		0		5		0
71		48		47		1		2		0
72		37		48		1		5		0
73		43		48		0		2		0
74		38		49		1		5		0
75		44		49		0		2		0
