V_50small_2.txt

VEHICLE     CAPACITY  LOCATIONS  CUSTOMER  OPTIONS  PRIORITIES  NUMTYPS
10		150		49		50		76		3		4

CUSTOMER  DEMAND
0	 11
1	 17
2	 20
3	 14
4	 16
5	 11
6	 11
7	 12
8	 15
9	 13
10	 17
11	 20
12	 18
13	 20
14	 15
15	 20
16	 14
17	 11
18	 19
19	 16
20	 13
21	 20
22	 16
23	 15
24	 19
25	 14
26	 10
27	 17
28	 16
29	 18
30	 13
31	 10
32	 18
33	 14
34	 20
35	 18
36	 17
37	 17
38	 13
39	 16
40	 13
41	 12
42	 14
43	 11
44	 12
45	 11
46	 20
47	 18
48	 19
49	 15

LOCATION  XCOORD  YCOORD  CAP  READY  DUE  TYP  SERVICETIME
0		1		33		-1		0		720	 0		0
1		27		23		-1		563		623		 2		6
2		7		49		-1		360		420		 2		6
3		24		41		-1		328		388		 2		6
4		23		43		-1		596		656		 2		6
5		3		23		-1		368		428		 2		6
6		29		36		-1		251		311		 2		6
7		4		35		-1		242		302		 2		6
8		18		48		-1		227		287		 2		6
9		21		9		-1		461		521		 2		6
10		38		24		-1		333		393		 2		6
11		10		39		-1		190		250		 2		6
12		42		9		-1		555		615		 2		6
13		20		25		-1		194		254		 2		6
14		5		50		-1		656		716		 2		6
15		25		31		-1		597		657		 2		6
16		5		11		-1		594		654		 2		6
17		36		38		-1		74		134		 2		6
18		4		1		-1		133		193		 2		6
19		42		39		-1		153		213		 2		6
20		1		49		-1		112		172		 2		6
21		7		50		-1		377		437		 2		6
22		20		23		-1		575		635		 2		6
23		20		23		-1		382		442		 2		6
24		23		19		-1		542		602		 2		6
25		32		16		-1		416		476		 2		6
26		13		17		-1		531		591		 2		6
27		24		32		-1		643		703		 2		6
28		34		40		-1		248		308		 2		6
29		18		10		-1		162		222		 2		6
30		44		19		-1		217		277		 2		6
31		22		48		-1		615		675		 2		6
32		41		36		-1		140		200		 2		6
33		18		10		-1		659		719		 2		6
34		33		38		-1		291		351		 2		6
35		21		5		-1		523		583		 2		6
36		20		15		-1		449		509		 2		6
37		41		33		-1		388		448		 2		6
38		17		32		-1		449		509		 2		6
39		33		12		5		28		268		 1		4
40		32		16		3		244		484		 1		4
41		23		42		5		332		572		 1		4
42		21		27		3		256		496		 1		4
43		44		32		5		471		711		 1		4
44		7		31		3		21		261		 1		4
45		31		11		4		65		305		 1		4
46		12		8		3		379		619		 1		4
47		25		5		5		57		297		 1		4
48		37		38		5		313		553		 1		4
OPTION  LOCATION  CUSTOMER  PRIO  SERVICETIME   COST
0		45		0		0		2		0
1		39		1		0		2		0
2		43		2		0		2		0
3		44		3		0		2		0
4		39		4		0		2		0
5		40		5		0		2		0
6		42		6		0		2		0
7		40		7		0		2		0
8		39		8		0		2		0
9		45		9		0		2		0
10		44		10		0		2		0
11		39		11		0		2		0
12		1		12		0		5		0
13		2		13		0		5		0
14		3		14		0		5		0
15		4		15		0		5		0
16		5		16		0		5		0
17		6		17		0		5		0
18		7		18		0		5		0
19		8		19		0		5		0
20		9		20		0		5		0
21		10		21		0		5		0
22		11		22		0		5		0
23		12		23		0		5		0
24		13		24		1		5		0
25		44		24		0		2		0
26		14		25		1		5		0
27		41		25		0		2		0
28		15		26		1		5		0
29		40		26		0		2		0
30		16		27		1		5		0
31		44		27		0		2		0
32		17		28		1		5		0
33		41		28		0		2		0
34		18		29		0		5		0
35		45		29		1		2		0
36		19		30		0		5		0
37		44		30		1		2		0
38		20		31		1		5		0
39		39		31		0		2		0
40		21		32		1		5		0
41		44		32		0		2		0
42		22		33		0		5		0
43		45		33		1		2		0
44		23		34		1		5		0
45		41		34		0		2		0
46		24		35		0		5		0
47		40		35		1		2		0
48		25		36		1		5		0
49		42		36		0		2		0
50		26		37		0		5		0
51		43		37		1		2		0
52		27		38		1		5		0
53		40		38		0		2		0
54		28		39		1		5		0
55		39		39		0		2		0
56		29		40		1		5		0
57		42		40		0		2		0
58		30		41		1		5		0
59		43		41		0		2		0
60		31		42		1		5		0
61		48		42		0		2		0
62		32		43		1		5		0
63		48		43		0		2		0
64		33		44		0		5		0
65		45		44		1		2		0
66		34		45		1		5		0
67		40		45		0		2		0
68		35		46		0		5		0
69		45		46		1		2		0
70		36		47		0		5		0
71		47		47		1		2		0
72		37		48		0		5		0
73		42		48		1		2		0
74		38		49		0		5		0
75		41		49		1		2		0
