V_50_9.txt

VEHICLE     CAPACITY  LOCATIONS  CUSTOMER  OPTIONS  PRIORITIES  NUMTYPS
10		150		49		50		76		3		4

CUSTOMER  DEMAND
0	 11
1	 15
2	 19
3	 20
4	 15
5	 14
6	 18
7	 12
8	 18
9	 12
10	 13
11	 18
12	 14
13	 15
14	 15
15	 17
16	 18
17	 14
18	 18
19	 16
20	 19
21	 13
22	 13
23	 17
24	 19
25	 13
26	 13
27	 19
28	 20
29	 20
30	 12
31	 12
32	 10
33	 16
34	 16
35	 16
36	 15
37	 18
38	 20
39	 18
40	 10
41	 20
42	 19
43	 11
44	 13
45	 17
46	 11
47	 17
48	 18
49	 11

LOCATION  XCOORD  YCOORD  CAP  READY  DUE  TYP  SERVICETIME
0		21		30		-1		0		720	 0		0
1		15		24		-1		225		345		 2		6
2		24		14		-1		360		720		 2		6
3		47		49		-1		55		175		 2		6
4		1		10		-1		0		360		 2		6
5		48		12		-1		206		326		 2		6
6		31		9		-1		497		617		 2		6
7		49		21		-1		215		335		 2		6
8		32		45		-1		26		266		 2		6
9		24		1		-1		80		320		 2		6
10		1		3		-1		360		720		 2		6
11		9		32		-1		0		360		 2		6
12		28		7		-1		206		326		 2		6
13		16		15		-1		0		360		 2		6
14		45		33		-1		0		360		 2		6
15		1		45		-1		0		360		 2		6
16		27		48		-1		0		360		 2		6
17		25		45		-1		206		446		 2		6
18		43		13		-1		0		360		 2		6
19		37		26		-1		200		320		 2		6
20		17		5		-1		364		484		 2		6
21		16		11		-1		360		720		 2		6
22		8		36		-1		0		360		 2		6
23		23		24		-1		454		574		 2		6
24		38		49		-1		360		720		 2		6
25		10		11		-1		416		536		 2		6
26		33		46		-1		0		360		 2		6
27		4		5		-1		104		344		 2		6
28		12		46		-1		527		647		 2		6
29		31		2		-1		463		583		 2		6
30		45		41		-1		0		360		 2		6
31		47		44		-1		0		360		 2		6
32		37		29		-1		0		360		 2		6
33		12		1		-1		0		360		 2		6
34		40		9		-1		0		360		 2		6
35		26		15		-1		11		131		 2		6
36		32		24		-1		422		542		 2		6
37		45		17		-1		360		720		 2		6
38		45		40		-1		0		360		 2		6
39		9		35		5		123		603		 1		4
40		44		13		5		90		570		 1		4
41		34		20		5		105		585		 1		4
42		29		17		5		141		621		 1		4
43		12		38		4		0		720		 1		4
44		33		33		5		0		720		 1		4
45		32		42		5		132		612		 1		4
46		40		16		5		138		618		 1		4
47		6		27		5		0		720		 1		4
48		39		31		3		0		720		 1		4
OPTION  LOCATION  CUSTOMER  PRIO  SERVICETIME   COST
0		45		0		0		2		0
1		48		1		0		2		0
2		40		2		0		2		0
3		47		3		0		2		0
4		46		4		0		2		0
5		40		5		0		2		0
6		39		6		0		2		0
7		39		7		0		2		0
8		44		8		0		2		0
9		45		9		0		2		0
10		45		10		0		2		0
11		40		11		0		2		0
12		1		12		0		5		0
13		2		13		0		5		0
14		3		14		0		5		0
15		4		15		0		5		0
16		5		16		0		5		0
17		6		17		0		5		0
18		7		18		0		5		0
19		8		19		0		5		0
20		9		20		0		5		0
21		10		21		0		5		0
22		11		22		0		5		0
23		12		23		0		5		0
24		13		24		0		5		0
25		43		24		1		2		0
26		14		25		0		5		0
27		40		25		1		2		0
28		15		26		0		5		0
29		47		26		1		2		0
30		16		27		1		5		0
31		43		27		0		2		0
32		17		28		1		5		0
33		43		28		0		2		0
34		18		29		0		5		0
35		40		29		1		2		0
36		19		30		1		5		0
37		41		30		0		2		0
38		20		31		1		5		0
39		40		31		0		2		0
40		21		32		0		5		0
41		46		32		1		2		0
42		22		33		0		5		0
43		45		33		1		2		0
44		23		34		1		5		0
45		40		34		0		2		0
46		24		35		1		5		0
47		44		35		0		2		0
48		25		36		0		5		0
49		47		36		1		2		0
50		26		37		0		5		0
51		44		37		1		2		0
52		27		38		1		5		0
53		41		38		0		2		0
54		28		39		0		5		0
55		45		39		1		2		0
56		29		40		1		5		0
57		41		40		0		2		0
58		30		41		0		5		0
59		45		41		1		2		0
60		31		42		1		5		0
61		47		42		0		2		0
62		32		43		0		5		0
63		46		43		1		2		0
64		33		44		0		5		0
65		41		44		1		2		0
66		34		45		0		5		0
67		46		45		1		2		0
68		35		46		0		5		0
69		44		46		1		2		0
70		36		47		0		5		0
71		43		47		1		2		0
72		37		48		0		5		0
73		46		48		1		2		0
74		38		49		0		5		0
75		47		49		1		2		0
