V_50_1.txt

VEHICLE     CAPACITY  LOCATIONS  CUSTOMER  OPTIONS  PRIORITIES  NUMTYPS
10		150		49		50		76		3		4

CUSTOMER  DEMAND
0	 19
1	 17
2	 17
3	 18
4	 19
5	 11
6	 14
7	 17
8	 19
9	 13
10	 16
11	 18
12	 16
13	 10
14	 13
15	 11
16	 19
17	 11
18	 10
19	 19
20	 12
21	 15
22	 15
23	 13
24	 15
25	 14
26	 12
27	 12
28	 20
29	 10
30	 15
31	 13
32	 20
33	 14
34	 18
35	 17
36	 11
37	 19
38	 20
39	 15
40	 12
41	 14
42	 10
43	 14
44	 20
45	 13
46	 12
47	 14
48	 13
49	 15

LOCATION  XCOORD  YCOORD  CAP  READY  DUE  TYP  SERVICETIME
0		44		3		-1		0		720	 0		0
1		35		3		-1		497		617		 2		6
2		37		13		-1		90		330		 2		6
3		49		29		-1		436		556		 2		6
4		4		9		-1		388		508		 2		6
5		7		2		-1		202		442		 2		6
6		40		31		-1		453		573		 2		6
7		42		24		-1		583		703		 2		6
8		36		49		-1		0		360		 2		6
9		41		3		-1		288		528		 2		6
10		30		18		-1		576		696		 2		6
11		2		38		-1		251		491		 2		6
12		43		33		-1		360		720		 2		6
13		34		27		-1		360		720		 2		6
14		36		38		-1		360		720		 2		6
15		39		5		-1		575		695		 2		6
16		50		38		-1		62		302		 2		6
17		45		18		-1		0		360		 2		6
18		47		42		-1		551		671		 2		6
19		12		26		-1		0		360		 2		6
20		23		30		-1		360		720		 2		6
21		14		34		-1		0		360		 2		6
22		42		34		-1		584		704		 2		6
23		25		48		-1		274		514		 2		6
24		4		45		-1		360		720		 2		6
25		6		5		-1		384		624		 2		6
26		7		6		-1		360		720		 2		6
27		30		8		-1		360		720		 2		6
28		13		9		-1		0		360		 2		6
29		30		50		-1		495		615		 2		6
30		11		41		-1		360		720		 2		6
31		10		1		-1		452		572		 2		6
32		44		33		-1		79		199		 2		6
33		39		12		-1		444		564		 2		6
34		34		17		-1		360		720		 2		6
35		3		12		-1		467		587		 2		6
36		41		49		-1		210		330		 2		6
37		47		33		-1		599		719		 2		6
38		28		31		-1		0		360		 2		6
39		38		14		5		0		720		 1		4
40		36		22		5		17		497		 1		4
41		40		40		5		109		589		 1		4
42		12		17		4		0		720		 1		4
43		37		5		4		0		720		 1		4
44		43		34		3		0		720		 1		4
45		13		31		4		0		720		 1		4
46		39		13		4		0		720		 1		4
47		36		41		5		2		482		 1		4
48		44		23		5		168		648		 1		4
OPTION  LOCATION  CUSTOMER  PRIO  SERVICETIME   COST
0		48		0		0		2		0
1		47		1		0		2		0
2		48		2		0		2		0
3		44		3		0		2		0
4		39		4		0		2		0
5		40		5		0		2		0
6		40		6		0		2		0
7		45		7		0		2		0
8		41		8		0		2		0
9		48		9		0		2		0
10		44		10		0		2		0
11		40		11		0		2		0
12		1		12		0		5		0
13		2		13		0		5		0
14		3		14		0		5		0
15		4		15		0		5		0
16		5		16		0		5		0
17		6		17		0		5		0
18		7		18		0		5		0
19		8		19		0		5		0
20		9		20		0		5		0
21		10		21		0		5		0
22		11		22		0		5		0
23		12		23		0		5		0
24		13		24		0		5		0
25		47		24		1		2		0
26		14		25		0		5		0
27		39		25		1		2		0
28		15		26		0		5		0
29		48		26		1		2		0
30		16		27		0		5		0
31		48		27		1		2		0
32		17		28		1		5		0
33		43		28		0		2		0
34		18		29		1		5		0
35		48		29		0		2		0
36		19		30		0		5		0
37		41		30		1		2		0
38		20		31		1		5		0
39		40		31		0		2		0
40		21		32		1		5		0
41		41		32		0		2		0
42		22		33		1		5		0
43		41		33		0		2		0
44		23		34		1		5		0
45		40		34		0		2		0
46		24		35		1		5		0
47		42		35		0		2		0
48		25		36		0		5		0
49		48		36		1		2		0
50		26		37		0		5		0
51		42		37		1		2		0
52		27		38		0		5		0
53		43		38		1		2		0
54		28		39		1		5		0
55		41		39		0		2		0
56		29		40		0		5		0
57		41		40		1		2		0
58		30		41		0		5		0
59		41		41		1		2		0
60		31		42		1		5		0
61		47		42		0		2		0
62		32		43		1		5		0
63		40		43		0		2		0
64		33		44		0		5		0
65		48		44		1		2		0
66		34		45		1		5		0
67		48		45		0		2		0
68		35		46		0		5		0
69		43		46		1		2		0
70		36		47		0		5		0
71		41		47		1		2		0
72		37		48		0		5		0
73		41		48		1		2		0
74		38		49		0		5		0
75		44		49		1		2		0
