V_50small_1.txt

VEHICLE     CAPACITY  LOCATIONS  CUSTOMER  OPTIONS  PRIORITIES  NUMTYPS
10		150		49		50		76		3		4

CUSTOMER  DEMAND
0	 12
1	 19
2	 20
3	 13
4	 15
5	 17
6	 10
7	 13
8	 16
9	 15
10	 12
11	 14
12	 13
13	 17
14	 15
15	 20
16	 10
17	 19
18	 16
19	 19
20	 11
21	 16
22	 20
23	 19
24	 10
25	 11
26	 17
27	 16
28	 14
29	 11
30	 12
31	 17
32	 15
33	 11
34	 18
35	 17
36	 12
37	 18
38	 10
39	 20
40	 16
41	 13
42	 10
43	 14
44	 15
45	 12
46	 18
47	 17
48	 14
49	 19

LOCATION  XCOORD  YCOORD  CAP  READY  DUE  TYP  SERVICETIME
0		44		50		-1		0		720	 0		0
1		13		43		-1		265		325		 2		6
2		26		22		-1		548		608		 2		6
3		30		44		-1		349		409		 2		6
4		17		13		-1		422		482		 2		6
5		47		46		-1		287		347		 2		6
6		46		8		-1		197		257		 2		6
7		12		18		-1		333		393		 2		6
8		36		43		-1		222		282		 2		6
9		20		8		-1		327		387		 2		6
10		26		35		-1		592		652		 2		6
11		2		26		-1		401		461		 2		6
12		45		22		-1		557		617		 2		6
13		9		42		-1		190		250		 2		6
14		15		29		-1		547		607		 2		6
15		37		12		-1		538		598		 2		6
16		17		27		-1		168		228		 2		6
17		43		30		-1		145		205		 2		6
18		45		10		-1		93		153		 2		6
19		42		37		-1		197		257		 2		6
20		25		5		-1		405		465		 2		6
21		33		39		-1		422		482		 2		6
22		11		39		-1		301		361		 2		6
23		45		36		-1		96		156		 2		6
24		4		20		-1		617		677		 2		6
25		22		32		-1		141		201		 2		6
26		30		27		-1		507		567		 2		6
27		24		33		-1		583		643		 2		6
28		49		22		-1		84		144		 2		6
29		13		14		-1		586		646		 2		6
30		19		6		-1		660		720		 2		6
31		47		24		-1		481		541		 2		6
32		9		46		-1		437		497		 2		6
33		20		5		-1		63		123		 2		6
34		11		41		-1		514		574		 2		6
35		38		10		-1		477		537		 2		6
36		11		23		-1		90		150		 2		6
37		43		29		-1		570		630		 2		6
38		45		19		-1		84		144		 2		6
39		31		12		4		24		264		 1		4
40		17		9		5		16		256		 1		4
41		31		41		4		129		369		 1		4
42		12		14		5		447		687		 1		4
43		10		22		5		433		673		 1		4
44		37		45		4		291		531		 1		4
45		22		8		4		102		342		 1		4
46		7		5		3		464		704		 1		4
47		38		38		3		436		676		 1		4
48		23		11		3		73		313		 1		4
OPTION  LOCATION  CUSTOMER  PRIO  SERVICETIME   COST
0		39		0		0		2		0
1		42		1		0		2		0
2		47		2		0		2		0
3		47		3		0		2		0
4		43		4		0		2		0
5		46		5		0		2		0
6		44		6		0		2		0
7		40		7		0		2		0
8		45		8		0		2		0
9		46		9		0		2		0
10		42		10		0		2		0
11		43		11		0		2		0
12		1		12		0		5		0
13		2		13		0		5		0
14		3		14		0		5		0
15		4		15		0		5		0
16		5		16		0		5		0
17		6		17		0		5		0
18		7		18		0		5		0
19		8		19		0		5		0
20		9		20		0		5		0
21		10		21		0		5		0
22		11		22		0		5		0
23		12		23		0		5		0
24		13		24		0		5		0
25		42		24		1		2		0
26		14		25		1		5		0
27		41		25		0		2		0
28		15		26		1		5		0
29		42		26		0		2		0
30		16		27		1		5		0
31		45		27		0		2		0
32		17		28		0		5		0
33		44		28		1		2		0
34		18		29		1		5		0
35		48		29		0		2		0
36		19		30		0		5		0
37		41		30		1		2		0
38		20		31		1		5		0
39		42		31		0		2		0
40		21		32		0		5		0
41		39		32		1		2		0
42		22		33		1		5		0
43		39		33		0		2		0
44		23		34		1		5		0
45		48		34		0		2		0
46		24		35		0		5		0
47		40		35		1		2		0
48		25		36		1		5		0
49		47		36		0		2		0
50		26		37		1		5		0
51		42		37		0		2		0
52		27		38		0		5		0
53		39		38		1		2		0
54		28		39		0		5		0
55		44		39		1		2		0
56		29		40		1		5		0
57		48		40		0		2		0
58		30		41		0		5		0
59		39		41		1		2		0
60		31		42		0		5		0
61		39		42		1		2		0
62		32		43		1		5		0
63		40		43		0		2		0
64		33		44		1		5		0
65		40		44		0		2		0
66		34		45		1		5		0
67		44		45		0		2		0
68		35		46		0		5		0
69		40		46		1		2		0
70		36		47		0		5		0
71		48		47		1		2		0
72		37		48		1		5		0
73		45		48		0		2		0
74		38		49		0		5		0
75		47		49		1		2		0
