V_50small_7.txt

VEHICLE     CAPACITY  LOCATIONS  CUSTOMER  OPTIONS  PRIORITIES  NUMTYPS
10		150		49		50		76		3		4

CUSTOMER  DEMAND
0	 18
1	 16
2	 14
3	 19
4	 14
5	 16
6	 18
7	 16
8	 18
9	 14
10	 14
11	 10
12	 14
13	 19
14	 13
15	 12
16	 12
17	 11
18	 12
19	 13
20	 14
21	 15
22	 14
23	 11
24	 10
25	 13
26	 19
27	 19
28	 17
29	 11
30	 11
31	 15
32	 13
33	 19
34	 13
35	 18
36	 16
37	 15
38	 15
39	 17
40	 18
41	 20
42	 11
43	 10
44	 10
45	 18
46	 13
47	 20
48	 10
49	 12

LOCATION  XCOORD  YCOORD  CAP  READY  DUE  TYP  SERVICETIME
0		1		12		-1		0		720	 0		0
1		8		18		-1		197		257		 2		6
2		15		15		-1		375		435		 2		6
3		28		35		-1		44		104		 2		6
4		16		2		-1		62		122		 2		6
5		32		22		-1		590		650		 2		6
6		21		42		-1		387		447		 2		6
7		44		16		-1		46		106		 2		6
8		48		6		-1		292		352		 2		6
9		16		1		-1		601		661		 2		6
10		40		2		-1		239		299		 2		6
11		18		2		-1		115		175		 2		6
12		40		23		-1		218		278		 2		6
13		13		43		-1		583		643		 2		6
14		10		32		-1		636		696		 2		6
15		41		26		-1		638		698		 2		6
16		10		45		-1		402		462		 2		6
17		23		16		-1		67		127		 2		6
18		15		12		-1		591		651		 2		6
19		33		6		-1		168		228		 2		6
20		24		42		-1		652		712		 2		6
21		15		36		-1		537		597		 2		6
22		43		34		-1		74		134		 2		6
23		12		6		-1		323		383		 2		6
24		35		26		-1		183		243		 2		6
25		6		29		-1		184		244		 2		6
26		37		36		-1		174		234		 2		6
27		38		10		-1		532		592		 2		6
28		22		48		-1		53		113		 2		6
29		2		33		-1		177		237		 2		6
30		15		7		-1		269		329		 2		6
31		4		7		-1		271		331		 2		6
32		9		34		-1		278		338		 2		6
33		43		13		-1		196		256		 2		6
34		12		24		-1		451		511		 2		6
35		42		13		-1		351		411		 2		6
36		32		17		-1		153		213		 2		6
37		43		1		-1		584		644		 2		6
38		47		18		-1		316		376		 2		6
39		42		11		4		152		392		 1		4
40		12		16		5		109		349		 1		4
41		39		14		5		108		348		 1		4
42		21		40		4		24		264		 1		4
43		21		26		5		180		420		 1		4
44		17		40		4		45		285		 1		4
45		9		40		4		161		401		 1		4
46		9		39		3		73		313		 1		4
47		16		11		5		458		698		 1		4
48		45		45		4		98		338		 1		4
OPTION  LOCATION  CUSTOMER  PRIO  SERVICETIME   COST
0		47		0		0		2		0
1		48		1		0		2		0
2		41		2		0		2		0
3		39		3		0		2		0
4		48		4		0		2		0
5		45		5		0		2		0
6		44		6		0		2		0
7		47		7		0		2		0
8		39		8		0		2		0
9		48		9		0		2		0
10		45		10		0		2		0
11		41		11		0		2		0
12		1		12		0		5		0
13		2		13		0		5		0
14		3		14		0		5		0
15		4		15		0		5		0
16		5		16		0		5		0
17		6		17		0		5		0
18		7		18		0		5		0
19		8		19		0		5		0
20		9		20		0		5		0
21		10		21		0		5		0
22		11		22		0		5		0
23		12		23		0		5		0
24		13		24		0		5		0
25		46		24		1		2		0
26		14		25		1		5		0
27		45		25		0		2		0
28		15		26		1		5		0
29		41		26		0		2		0
30		16		27		1		5		0
31		41		27		0		2		0
32		17		28		0		5		0
33		40		28		1		2		0
34		18		29		0		5		0
35		42		29		1		2		0
36		19		30		0		5		0
37		44		30		1		2		0
38		20		31		1		5		0
39		44		31		0		2		0
40		21		32		0		5		0
41		43		32		1		2		0
42		22		33		0		5		0
43		39		33		1		2		0
44		23		34		1		5		0
45		46		34		0		2		0
46		24		35		1		5		0
47		48		35		0		2		0
48		25		36		1		5		0
49		44		36		0		2		0
50		26		37		0		5		0
51		44		37		1		2		0
52		27		38		1		5		0
53		47		38		0		2		0
54		28		39		0		5		0
55		48		39		1		2		0
56		29		40		1		5		0
57		48		40		0		2		0
58		30		41		0		5		0
59		41		41		1		2		0
60		31		42		1		5		0
61		47		42		0		2		0
62		32		43		1		5		0
63		44		43		0		2		0
64		33		44		1		5		0
65		40		44		0		2		0
66		34		45		1		5		0
67		45		45		0		2		0
68		35		46		0		5		0
69		43		46		1		2		0
70		36		47		0		5		0
71		47		47		1		2		0
72		37		48		0		5		0
73		47		48		1		2		0
74		38		49		0		5		0
75		48		49		1		2		0
