U_50_3.txt

VEHICLE     CAPACITY  LOCATIONS  CUSTOMER  OPTIONS  PRIORITIES  NUMTYPS
10		150		61		50		100		3		4

CUSTOMER  DEMAND
0	 11
1	 17
2	 13
3	 19
4	 10
5	 11
6	 20
7	 10
8	 17
9	 19
10	 20
11	 17
12	 18
13	 14
14	 10
15	 20
16	 10
17	 20
18	 13
19	 15
20	 12
21	 11
22	 17
23	 17
24	 14
25	 15
26	 18
27	 10
28	 17
29	 15
30	 16
31	 15
32	 14
33	 10
34	 17
35	 15
36	 18
37	 11
38	 13
39	 14
40	 15
41	 18
42	 14
43	 13
44	 19
45	 10
46	 11
47	 10
48	 17
49	 20

LOCATION  XCOORD  YCOORD  CAP  READY  DUE  TYP  SERVICETIME
0		17		43		-1		0		720	 0		0
1		31		10		-1		360		720		 2		6
2		35		15		-1		0		360		 2		6
3		10		28		-1		0		360		 2		6
4		41		35		-1		0		360		 2		6
5		22		9		-1		0		360		 2		6
6		22		28		-1		423		663		 2		6
7		1		11		-1		0		360		 2		6
8		31		47		-1		360		720		 2		6
9		27		7		-1		412		532		 2		6
10		26		45		-1		31		151		 2		6
11		38		39		-1		150		270		 2		6
12		27		15		-1		0		360		 2		6
13		30		16		-1		360		720		 2		6
14		23		28		-1		179		299		 2		6
15		48		29		-1		360		720		 2		6
16		46		49		-1		442		562		 2		6
17		23		23		-1		187		307		 2		6
18		47		7		-1		519		639		 2		6
19		14		50		-1		0		360		 2		6
20		19		39		-1		298		538		 2		6
21		11		35		-1		360		720		 2		6
22		22		16		-1		61		181		 2		6
23		34		14		-1		360		720		 2		6
24		4		23		-1		0		360		 2		6
25		42		5		-1		108		348		 2		6
26		45		8		-1		360		720		 2		6
27		20		20		-1		579		699		 2		6
28		4		34		-1		429		669		 2		6
29		10		18		-1		0		360		 2		6
30		19		25		-1		360		720		 2		6
31		25		6		-1		360		720		 2		6
32		7		33		-1		360		720		 2		6
33		12		28		-1		124		364		 2		6
34		28		37		-1		180		300		 2		6
35		11		16		-1		0		360		 2		6
36		25		30		-1		441		561		 2		6
37		43		10		-1		223		343		 2		6
38		11		28		-1		5		125		 2		6
39		39		13		-1		360		720		 2		6
40		27		5		-1		0		360		 2		6
41		18		42		-1		360		720		 2		6
42		34		42		-1		0		360		 2		6
43		46		41		-1		138		258		 2		6
44		12		24		-1		463		703		 2		6
45		49		40		-1		83		203		 2		6
46		37		13		-1		272		512		 2		6
47		24		43		-1		0		360		 2		6
48		34		38		-1		45		285		 2		6
49		49		33		-1		462		702		 2		6
50		9		50		-1		165		405		 2		6
51		26		29		5		119		599		 1		4
52		24		40		3		0		720		 1		4
53		16		35		5		151		631		 1		4
54		23		10		5		210		690		 1		4
55		17		33		4		0		720		 1		4
56		13		14		5		0		720		 1		4
57		5		5		5		0		720		 1		4
58		29		30		5		29		509		 1		4
59		19		13		4		0		720		 1		4
60		12		9		5		174		654		 1		4
OPTION  LOCATION  CUSTOMER  PRIO  SERVICETIME   COST
0		58		0		0		2		0
1		58		1		0		2		0
2		53		2		0		2		0
3		59		3		0		2		0
4		54		4		0		2		0
5		55		5		0		2		0
6		53		6		0		2		0
7		52		7		0		2		0
8		54		8		0		2		0
9		59		9		0		2		0
10		1		10		0		5		0
11		2		11		0		5		0
12		3		12		0		5		0
13		4		13		0		5		0
14		5		14		0		5		0
15		6		15		0		5		0
16		7		16		0		5		0
17		8		17		0		5		0
18		9		18		0		5		0
19		10		19		0		5		0
20		11		20		1		5		0
21		52		20		0		2		0
22		12		21		1		5		0
23		59		21		0		2		0
24		13		22		0		5		0
25		55		22		1		2		0
26		14		23		0		5		0
27		58		23		1		2		0
28		15		24		1		5		0
29		52		24		0		2		0
30		16		25		0		5		0
31		58		25		1		2		0
32		17		26		0		5		0
33		59		26		1		2		0
34		18		27		1		5		0
35		56		27		0		2		0
36		19		28		1		5		0
37		58		28		0		2		0
38		20		29		1		5		0
39		52		29		0		2		0
40		21		30		1		5		0
41		55		30		0		2		0
42		52		30		2		2		0
43		22		31		2		5		0
44		56		31		0		2		0
45		60		31		1		2		0
46		23		32		2		5		0
47		56		32		0		2		0
48		52		32		1		2		0
49		24		33		2		5		0
50		53		33		1		2		0
51		55		33		0		2		0
52		25		34		2		5		0
53		58		34		1		2		0
54		51		34		0		2		0
55		26		35		0		5		0
56		59		35		2		2		0
57		58		35		1		2		0
58		27		36		2		5		0
59		56		36		0		2		0
60		57		36		1		2		0
61		28		37		1		5		0
62		55		37		2		2		0
63		56		37		0		2		0
64		29		38		1		5		0
65		55		38		2		2		0
66		56		38		0		2		0
67		30		39		0		5		0
68		58		39		1		2		0
69		57		39		2		2		0
70		31		40		1		5		0
71		32		40		2		5		0
72		53		40		0		2		0
73		33		41		2		5		0
74		34		41		1		5		0
75		54		41		0		2		0
76		35		42		2		5		0
77		36		42		0		5		0
78		55		42		1		2		0
79		37		43		1		5		0
80		38		43		0		5		0
81		56		43		2		2		0
82		39		44		2		5		0
83		40		44		0		5		0
84		60		44		1		2		0
85		41		45		0		5		0
86		42		45		1		5		0
87		55		45		2		2		0
88		43		46		2		5		0
89		44		46		0		5		0
90		54		46		1		2		0
91		45		47		1		5		0
92		46		47		2		5		0
93		58		47		0		2		0
94		47		48		2		5		0
95		48		48		0		5		0
96		51		48		1		2		0
97		49		49		2		5		0
98		50		49		0		5		0
99		54		49		1		2		0
