V_50_8.txt

VEHICLE     CAPACITY  LOCATIONS  CUSTOMER  OPTIONS  PRIORITIES  NUMTYPS
10		150		49		50		76		3		4

CUSTOMER  DEMAND
0	 15
1	 20
2	 12
3	 20
4	 10
5	 17
6	 12
7	 10
8	 18
9	 20
10	 12
11	 10
12	 16
13	 20
14	 14
15	 16
16	 19
17	 16
18	 16
19	 11
20	 15
21	 20
22	 10
23	 17
24	 17
25	 19
26	 17
27	 16
28	 12
29	 17
30	 10
31	 13
32	 14
33	 10
34	 15
35	 12
36	 19
37	 13
38	 14
39	 17
40	 15
41	 16
42	 17
43	 16
44	 12
45	 13
46	 20
47	 19
48	 20
49	 19

LOCATION  XCOORD  YCOORD  CAP  READY  DUE  TYP  SERVICETIME
0		38		4		-1		0		720	 0		0
1		19		23		-1		33		153		 2		6
2		30		12		-1		360		720		 2		6
3		44		39		-1		325		565		 2		6
4		7		26		-1		451		571		 2		6
5		50		38		-1		143		263		 2		6
6		48		33		-1		380		500		 2		6
7		37		29		-1		360		720		 2		6
8		31		27		-1		0		360		 2		6
9		22		9		-1		0		360		 2		6
10		44		4		-1		418		538		 2		6
11		26		41		-1		440		680		 2		6
12		28		18		-1		125		245		 2		6
13		47		47		-1		360		720		 2		6
14		26		40		-1		360		720		 2		6
15		14		23		-1		360		720		 2		6
16		33		30		-1		280		520		 2		6
17		2		25		-1		0		360		 2		6
18		37		33		-1		207		327		 2		6
19		22		17		-1		240		360		 2		6
20		38		23		-1		360		720		 2		6
21		12		14		-1		165		285		 2		6
22		10		8		-1		360		720		 2		6
23		8		30		-1		273		513		 2		6
24		3		47		-1		484		604		 2		6
25		18		1		-1		440		560		 2		6
26		9		26		-1		87		207		 2		6
27		23		16		-1		215		335		 2		6
28		42		38		-1		382		502		 2		6
29		19		10		-1		360		720		 2		6
30		35		21		-1		587		707		 2		6
31		4		32		-1		360		720		 2		6
32		20		8		-1		55		175		 2		6
33		30		35		-1		360		720		 2		6
34		6		13		-1		40		160		 2		6
35		1		35		-1		0		360		 2		6
36		44		5		-1		598		718		 2		6
37		40		26		-1		360		720		 2		6
38		5		48		-1		360		720		 2		6
39		12		42		5		223		703		 1		4
40		32		29		5		2		482		 1		4
41		18		7		5		105		585		 1		4
42		45		10		3		0		720		 1		4
43		29		16		4		0		720		 1		4
44		25		40		5		233		713		 1		4
45		44		40		5		214		694		 1		4
46		27		5		3		0		720		 1		4
47		6		18		5		185		665		 1		4
48		29		39		5		69		549		 1		4
OPTION  LOCATION  CUSTOMER  PRIO  SERVICETIME   COST
0		45		0		0		2		0
1		39		1		0		2		0
2		48		2		0		2		0
3		48		3		0		2		0
4		43		4		0		2		0
5		42		5		0		2		0
6		47		6		0		2		0
7		44		7		0		2		0
8		44		8		0		2		0
9		42		9		0		2		0
10		45		10		0		2		0
11		41		11		0		2		0
12		1		12		0		5		0
13		2		13		0		5		0
14		3		14		0		5		0
15		4		15		0		5		0
16		5		16		0		5		0
17		6		17		0		5		0
18		7		18		0		5		0
19		8		19		0		5		0
20		9		20		0		5		0
21		10		21		0		5		0
22		11		22		0		5		0
23		12		23		0		5		0
24		13		24		1		5		0
25		39		24		0		2		0
26		14		25		0		5		0
27		41		25		1		2		0
28		15		26		0		5		0
29		42		26		1		2		0
30		16		27		0		5		0
31		43		27		1		2		0
32		17		28		1		5		0
33		39		28		0		2		0
34		18		29		0		5		0
35		44		29		1		2		0
36		19		30		0		5		0
37		41		30		1		2		0
38		20		31		1		5		0
39		48		31		0		2		0
40		21		32		1		5		0
41		45		32		0		2		0
42		22		33		0		5		0
43		47		33		1		2		0
44		23		34		1		5		0
45		41		34		0		2		0
46		24		35		1		5		0
47		40		35		0		2		0
48		25		36		0		5		0
49		45		36		1		2		0
50		26		37		0		5		0
51		43		37		1		2		0
52		27		38		0		5		0
53		46		38		1		2		0
54		28		39		1		5		0
55		40		39		0		2		0
56		29		40		0		5		0
57		40		40		1		2		0
58		30		41		1		5		0
59		40		41		0		2		0
60		31		42		1		5		0
61		47		42		0		2		0
62		32		43		0		5		0
63		43		43		1		2		0
64		33		44		1		5		0
65		47		44		0		2		0
66		34		45		0		5		0
67		47		45		1		2		0
68		35		46		0		5		0
69		40		46		1		2		0
70		36		47		0		5		0
71		46		47		1		2		0
72		37		48		1		5		0
73		45		48		0		2		0
74		38		49		0		5		0
75		41		49		1		2		0
