V_50_7.txt

VEHICLE     CAPACITY  LOCATIONS  CUSTOMER  OPTIONS  PRIORITIES  NUMTYPS
10		150		49		50		76		3		4

CUSTOMER  DEMAND
0	 12
1	 12
2	 17
3	 17
4	 16
5	 17
6	 11
7	 17
8	 18
9	 17
10	 14
11	 10
12	 17
13	 11
14	 19
15	 20
16	 17
17	 10
18	 13
19	 18
20	 18
21	 11
22	 13
23	 19
24	 12
25	 16
26	 20
27	 10
28	 14
29	 16
30	 12
31	 11
32	 16
33	 11
34	 13
35	 15
36	 15
37	 19
38	 11
39	 19
40	 16
41	 10
42	 18
43	 17
44	 15
45	 13
46	 14
47	 14
48	 14
49	 15

LOCATION  XCOORD  YCOORD  CAP  READY  DUE  TYP  SERVICETIME
0		33		11		-1		0		720	 0		0
1		44		14		-1		380		500		 2		6
2		32		26		-1		0		360		 2		6
3		5		13		-1		0		360		 2		6
4		27		46		-1		81		201		 2		6
5		12		50		-1		506		626		 2		6
6		29		11		-1		552		672		 2		6
7		31		9		-1		0		360		 2		6
8		3		6		-1		221		341		 2		6
9		22		35		-1		0		360		 2		6
10		20		49		-1		535		655		 2		6
11		8		49		-1		0		360		 2		6
12		26		11		-1		360		720		 2		6
13		16		21		-1		360		720		 2		6
14		50		5		-1		0		360		 2		6
15		50		17		-1		0		360		 2		6
16		17		29		-1		591		711		 2		6
17		28		45		-1		467		587		 2		6
18		46		19		-1		0		360		 2		6
19		41		38		-1		3		123		 2		6
20		31		31		-1		110		350		 2		6
21		45		19		-1		421		541		 2		6
22		45		16		-1		0		360		 2		6
23		42		11		-1		398		518		 2		6
24		20		35		-1		15		135		 2		6
25		16		25		-1		575		695		 2		6
26		32		7		-1		360		720		 2		6
27		5		2		-1		560		680		 2		6
28		46		3		-1		360		720		 2		6
29		8		39		-1		0		360		 2		6
30		5		14		-1		223		343		 2		6
31		33		29		-1		514		634		 2		6
32		4		12		-1		392		632		 2		6
33		40		42		-1		0		360		 2		6
34		39		7		-1		0		360		 2		6
35		6		28		-1		180		300		 2		6
36		23		31		-1		0		360		 2		6
37		18		5		-1		319		559		 2		6
38		33		6		-1		360		720		 2		6
39		32		42		3		0		720		 1		4
40		14		6		4		0		720		 1		4
41		26		28		5		139		619		 1		4
42		5		27		4		0		720		 1		4
43		24		9		4		0		720		 1		4
44		14		20		5		116		596		 1		4
45		29		19		5		70		550		 1		4
46		13		21		5		25		505		 1		4
47		33		26		3		0		720		 1		4
48		19		22		5		0		720		 1		4
OPTION  LOCATION  CUSTOMER  PRIO  SERVICETIME   COST
0		44		0		0		2		0
1		47		1		0		2		0
2		42		2		0		2		0
3		45		3		0		2		0
4		48		4		0		2		0
5		42		5		0		2		0
6		40		6		0		2		0
7		42		7		0		2		0
8		44		8		0		2		0
9		48		9		0		2		0
10		47		10		0		2		0
11		39		11		0		2		0
12		1		12		0		5		0
13		2		13		0		5		0
14		3		14		0		5		0
15		4		15		0		5		0
16		5		16		0		5		0
17		6		17		0		5		0
18		7		18		0		5		0
19		8		19		0		5		0
20		9		20		0		5		0
21		10		21		0		5		0
22		11		22		0		5		0
23		12		23		0		5		0
24		13		24		1		5		0
25		48		24		0		2		0
26		14		25		0		5		0
27		48		25		1		2		0
28		15		26		1		5		0
29		39		26		0		2		0
30		16		27		1		5		0
31		44		27		0		2		0
32		17		28		0		5		0
33		47		28		1		2		0
34		18		29		1		5		0
35		42		29		0		2		0
36		19		30		0		5		0
37		41		30		1		2		0
38		20		31		1		5		0
39		44		31		0		2		0
40		21		32		1		5		0
41		48		32		0		2		0
42		22		33		1		5		0
43		41		33		0		2		0
44		23		34		1		5		0
45		43		34		0		2		0
46		24		35		1		5		0
47		47		35		0		2		0
48		25		36		0		5		0
49		47		36		1		2		0
50		26		37		0		5		0
51		40		37		1		2		0
52		27		38		0		5		0
53		44		38		1		2		0
54		28		39		1		5		0
55		42		39		0		2		0
56		29		40		0		5		0
57		44		40		1		2		0
58		30		41		1		5		0
59		48		41		0		2		0
60		31		42		1		5		0
61		41		42		0		2		0
62		32		43		0		5		0
63		44		43		1		2		0
64		33		44		0		5		0
65		40		44		1		2		0
66		34		45		0		5		0
67		44		45		1		2		0
68		35		46		0		5		0
69		41		46		1		2		0
70		36		47		0		5		0
71		45		47		1		2		0
72		37		48		1		5		0
73		46		48		0		2		0
74		38		49		0		5		0
75		45		49		1		2		0
