V_25_2.txt

VEHICLE     CAPACITY  LOCATIONS  CUSTOMER  OPTIONS  PRIORITIES  NUMTYPS
10		150		25		25		38		3		4

CUSTOMER  DEMAND
0	 11
1	 12
2	 12
3	 14
4	 20
5	 16
6	 18
7	 20
8	 19
9	 13
10	 10
11	 16
12	 14
13	 12
14	 11
15	 20
16	 17
17	 19
18	 11
19	 20
20	 20
21	 17
22	 20
23	 16
24	 14

LOCATION  XCOORD  YCOORD  CAP  READY  DUE  TYP  SERVICETIME
0		11		8		-1		0		720	 0		0
1		12		8		-1		434		554		 2		6
2		48		26		-1		360		720		 2		6
3		35		45		-1		360		720		 2		6
4		44		2		-1		327		567		 2		6
5		15		8		-1		84		324		 2		6
6		7		29		-1		0		360		 2		6
7		42		48		-1		533		653		 2		6
8		50		13		-1		360		720		 2		6
9		8		35		-1		530		650		 2		6
10		3		2		-1		429		669		 2		6
11		50		34		-1		457		577		 2		6
12		24		4		-1		86		206		 2		6
13		20		1		-1		0		360		 2		6
14		16		12		-1		528		648		 2		6
15		9		13		-1		360		720		 2		6
16		22		27		-1		157		277		 2		6
17		23		3		-1		360		720		 2		6
18		40		50		-1		360		720		 2		6
19		3		41		-1		120		240		 2		6
20		17		16		5		0		720		 1		4
21		23		40		4		0		720		 1		4
22		15		13		5		0		720		 1		4
23		9		12		4		0		720		 1		4
24		45		7		5		91		571		 1		4
OPTION  LOCATION  CUSTOMER  PRIO  SERVICETIME   COST
0		22		0		0		2		0
1		22		1		0		2		0
2		24		2		0		2		0
3		20		3		0		2		0
4		22		4		0		2		0
5		22		5		0		2		0
6		1		6		0		5		0
7		2		7		0		5		0
8		3		8		0		5		0
9		4		9		0		5		0
10		5		10		0		5		0
11		6		11		0		5		0
12		7		12		1		5		0
13		22		12		0		2		0
14		8		13		0		5		0
15		23		13		1		2		0
16		9		14		0		5		0
17		21		14		1		2		0
18		10		15		0		5		0
19		24		15		1		2		0
20		11		16		1		5		0
21		22		16		0		2		0
22		12		17		0		5		0
23		23		17		1		2		0
24		13		18		0		5		0
25		24		18		1		2		0
26		14		19		1		5		0
27		21		19		0		2		0
28		15		20		1		5		0
29		20		20		0		2		0
30		16		21		1		5		0
31		24		21		0		2		0
32		17		22		0		5		0
33		22		22		1		2		0
34		18		23		0		5		0
35		24		23		1		2		0
36		19		24		0		5		0
37		22		24		1		2		0
