V_25_4.txt

VEHICLE     CAPACITY  LOCATIONS  CUSTOMER  OPTIONS  PRIORITIES  NUMTYPS
10		150		25		25		38		3		4

CUSTOMER  DEMAND
0	 10
1	 16
2	 19
3	 12
4	 15
5	 10
6	 19
7	 17
8	 10
9	 11
10	 14
11	 12
12	 19
13	 19
14	 18
15	 17
16	 13
17	 15
18	 13
19	 14
20	 11
21	 12
22	 18
23	 15
24	 20

LOCATION  XCOORD  YCOORD  CAP  READY  DUE  TYP  SERVICETIME
0		1		30		-1		0		720	 0		0
1		30		44		-1		414		534		 2		6
2		32		14		-1		466		706		 2		6
3		12		26		-1		360		720		 2		6
4		10		14		-1		12		132		 2		6
5		47		17		-1		517		637		 2		6
6		45		30		-1		360		720		 2		6
7		14		30		-1		106		226		 2		6
8		39		40		-1		360		720		 2		6
9		14		1		-1		0		360		 2		6
10		14		29		-1		360		720		 2		6
11		27		42		-1		94		214		 2		6
12		15		28		-1		21		141		 2		6
13		40		35		-1		26		266		 2		6
14		40		7		-1		479		719		 2		6
15		38		25		-1		0		360		 2		6
16		1		16		-1		360		720		 2		6
17		9		40		-1		108		228		 2		6
18		41		29		-1		457		697		 2		6
19		14		5		-1		360		720		 2		6
20		21		8		4		0		720		 1		4
21		39		41		5		228		708		 1		4
22		28		35		5		0		720		 1		4
23		18		38		4		0		720		 1		4
24		30		11		5		156		636		 1		4
OPTION  LOCATION  CUSTOMER  PRIO  SERVICETIME   COST
0		21		0		0		2		0
1		22		1		0		2		0
2		20		2		0		2		0
3		22		3		0		2		0
4		21		4		0		2		0
5		24		5		0		2		0
6		1		6		0		5		0
7		2		7		0		5		0
8		3		8		0		5		0
9		4		9		0		5		0
10		5		10		0		5		0
11		6		11		0		5		0
12		7		12		0		5		0
13		21		12		1		2		0
14		8		13		0		5		0
15		24		13		1		2		0
16		9		14		1		5		0
17		22		14		0		2		0
18		10		15		1		5		0
19		22		15		0		2		0
20		11		16		0		5		0
21		20		16		1		2		0
22		12		17		1		5		0
23		24		17		0		2		0
24		13		18		1		5		0
25		22		18		0		2		0
26		14		19		0		5		0
27		24		19		1		2		0
28		15		20		1		5		0
29		24		20		0		2		0
30		16		21		0		5		0
31		23		21		1		2		0
32		17		22		0		5		0
33		22		22		1		2		0
34		18		23		1		5		0
35		24		23		0		2		0
36		19		24		1		5		0
37		20		24		0		2		0
