V_25_1.txt

VEHICLE     CAPACITY  LOCATIONS  CUSTOMER  OPTIONS  PRIORITIES  NUMTYPS
10		150		25		25		38		3		4

CUSTOMER  DEMAND
0	 11
1	 12
2	 10
3	 13
4	 16
5	 16
6	 10
7	 16
8	 18
9	 18
10	 20
11	 20
12	 15
13	 10
14	 11
15	 15
16	 15
17	 11
18	 14
19	 13
20	 12
21	 20
22	 11
23	 19
24	 15

LOCATION  XCOORD  YCOORD  CAP  READY  DUE  TYP  SERVICETIME
0		13		29		-1		0		720	 0		0
1		45		16		-1		360		720		 2		6
2		44		5		-1		236		356		 2		6
3		40		43		-1		193		313		 2		6
4		21		24		-1		322		562		 2		6
5		12		29		-1		0		360		 2		6
6		11		47		-1		105		345		 2		6
7		34		26		-1		352		592		 2		6
8		9		22		-1		45		165		 2		6
9		2		25		-1		491		611		 2		6
10		12		12		-1		0		360		 2		6
11		40		16		-1		589		709		 2		6
12		36		47		-1		360		720		 2		6
13		27		48		-1		555		675		 2		6
14		19		13		-1		230		470		 2		6
15		19		19		-1		0		360		 2		6
16		20		30		-1		301		541		 2		6
17		43		34		-1		0		360		 2		6
18		24		5		-1		22		142		 2		6
19		24		46		-1		360		720		 2		6
20		34		26		5		0		720		 1		4
21		5		25		5		75		555		 1		4
22		25		10		3		0		720		 1		4
23		26		39		4		0		720		 1		4
24		11		36		5		139		619		 1		4
OPTION  LOCATION  CUSTOMER  PRIO  SERVICETIME   COST
0		21		0		0		2		0
1		21		1		0		2		0
2		23		2		0		2		0
3		24		3		0		2		0
4		22		4		0		2		0
5		20		5		0		2		0
6		1		6		0		5		0
7		2		7		0		5		0
8		3		8		0		5		0
9		4		9		0		5		0
10		5		10		0		5		0
11		6		11		0		5		0
12		7		12		1		5		0
13		22		12		0		2		0
14		8		13		1		5		0
15		23		13		0		2		0
16		9		14		0		5		0
17		22		14		1		2		0
18		10		15		0		5		0
19		22		15		1		2		0
20		11		16		1		5		0
21		21		16		0		2		0
22		12		17		0		5		0
23		22		17		1		2		0
24		13		18		0		5		0
25		24		18		1		2		0
26		14		19		1		5		0
27		20		19		0		2		0
28		15		20		0		5		0
29		24		20		1		2		0
30		16		21		0		5		0
31		20		21		1		2		0
32		17		22		1		5		0
33		23		22		0		2		0
34		18		23		0		5		0
35		20		23		1		2		0
36		19		24		1		5		0
37		24		24		0		2		0
