V_25_7.txt

VEHICLE     CAPACITY  LOCATIONS  CUSTOMER  OPTIONS  PRIORITIES  NUMTYPS
10		150		25		25		38		3		4

CUSTOMER  DEMAND
0	 13
1	 10
2	 19
3	 14
4	 17
5	 14
6	 12
7	 14
8	 14
9	 11
10	 10
11	 20
12	 18
13	 20
14	 10
15	 12
16	 15
17	 11
18	 12
19	 11
20	 11
21	 16
22	 13
23	 12
24	 20

LOCATION  XCOORD  YCOORD  CAP  READY  DUE  TYP  SERVICETIME
0		39		25		-1		0		720	 0		0
1		13		27		-1		230		470		 2		6
2		40		9		-1		0		360		 2		6
3		21		40		-1		360		720		 2		6
4		28		24		-1		496		616		 2		6
5		28		34		-1		424		544		 2		6
6		42		23		-1		0		360		 2		6
7		34		48		-1		360		720		 2		6
8		42		29		-1		360		720		 2		6
9		49		27		-1		293		533		 2		6
10		1		47		-1		156		276		 2		6
11		46		35		-1		360		720		 2		6
12		26		16		-1		175		295		 2		6
13		11		39		-1		0		360		 2		6
14		21		15		-1		441		561		 2		6
15		50		47		-1		0		360		 2		6
16		22		32		-1		57		177		 2		6
17		31		48		-1		429		669		 2		6
18		24		35		-1		230		470		 2		6
19		18		41		-1		0		360		 2		6
20		42		16		5		227		707		 1		4
21		43		39		5		61		541		 1		4
22		17		14		4		0		720		 1		4
23		10		30		3		0		720		 1		4
24		23		32		5		0		720		 1		4
OPTION  LOCATION  CUSTOMER  PRIO  SERVICETIME   COST
0		21		0		0		2		0
1		21		1		0		2		0
2		24		2		0		2		0
3		20		3		0		2		0
4		23		4		0		2		0
5		21		5		0		2		0
6		1		6		0		5		0
7		2		7		0		5		0
8		3		8		0		5		0
9		4		9		0		5		0
10		5		10		0		5		0
11		6		11		0		5		0
12		7		12		0		5		0
13		21		12		1		2		0
14		8		13		0		5		0
15		23		13		1		2		0
16		9		14		0		5		0
17		23		14		1		2		0
18		10		15		0		5		0
19		20		15		1		2		0
20		11		16		0		5		0
21		23		16		1		2		0
22		12		17		0		5		0
23		20		17		1		2		0
24		13		18		1		5		0
25		24		18		0		2		0
26		14		19		1		5		0
27		20		19		0		2		0
28		15		20		0		5		0
29		20		20		1		2		0
30		16		21		0		5		0
31		23		21		1		2		0
32		17		22		1		5		0
33		23		22		0		2		0
34		18		23		1		5		0
35		21		23		0		2		0
36		19		24		0		5		0
37		21		24		1		2		0
