U_50_2.txt

VEHICLE     CAPACITY  LOCATIONS  CUSTOMER  OPTIONS  PRIORITIES  NUMTYPS
10		150		61		50		100		3		4

CUSTOMER  DEMAND
0	 15
1	 14
2	 12
3	 10
4	 13
5	 11
6	 16
7	 16
8	 15
9	 13
10	 15
11	 13
12	 16
13	 15
14	 12
15	 13
16	 12
17	 18
18	 18
19	 15
20	 19
21	 19
22	 11
23	 12
24	 14
25	 17
26	 11
27	 15
28	 20
29	 14
30	 20
31	 19
32	 18
33	 12
34	 19
35	 20
36	 13
37	 15
38	 19
39	 20
40	 15
41	 14
42	 15
43	 20
44	 16
45	 20
46	 11
47	 10
48	 17
49	 17

LOCATION  XCOORD  YCOORD  CAP  READY  DUE  TYP  SERVICETIME
0		12		3		-1		0		720	 0		0
1		32		43		-1		360		720		 2		6
2		36		35		-1		37		157		 2		6
3		18		40		-1		190		310		 2		6
4		27		42		-1		204		324		 2		6
5		33		45		-1		0		360		 2		6
6		10		7		-1		21		141		 2		6
7		25		33		-1		0		360		 2		6
8		13		41		-1		600		720		 2		6
9		4		20		-1		360		720		 2		6
10		33		43		-1		52		172		 2		6
11		20		37		-1		153		273		 2		6
12		33		27		-1		451		571		 2		6
13		16		21		-1		360		720		 2		6
14		49		34		-1		117		357		 2		6
15		50		34		-1		410		650		 2		6
16		2		11		-1		523		643		 2		6
17		24		32		-1		360		720		 2		6
18		10		9		-1		360		720		 2		6
19		13		39		-1		360		720		 2		6
20		41		22		-1		224		344		 2		6
21		31		17		-1		50		290		 2		6
22		21		26		-1		414		534		 2		6
23		3		10		-1		125		245		 2		6
24		22		48		-1		0		360		 2		6
25		25		21		-1		466		586		 2		6
26		47		47		-1		469		589		 2		6
27		36		47		-1		360		720		 2		6
28		25		11		-1		234		354		 2		6
29		9		23		-1		24		264		 2		6
30		49		8		-1		360		720		 2		6
31		46		33		-1		409		529		 2		6
32		46		2		-1		482		602		 2		6
33		24		36		-1		436		556		 2		6
34		18		49		-1		360		720		 2		6
35		22		11		-1		397		517		 2		6
36		26		42		-1		62		182		 2		6
37		48		45		-1		360		720		 2		6
38		17		50		-1		117		237		 2		6
39		37		23		-1		375		615		 2		6
40		35		23		-1		234		354		 2		6
41		17		15		-1		0		360		 2		6
42		48		39		-1		313		553		 2		6
43		5		38		-1		68		188		 2		6
44		44		25		-1		206		326		 2		6
45		34		42		-1		360		720		 2		6
46		37		47		-1		360		720		 2		6
47		23		48		-1		403		523		 2		6
48		10		23		-1		490		610		 2		6
49		23		16		-1		360		720		 2		6
50		35		10		-1		360		720		 2		6
51		16		5		5		141		621		 1		4
52		10		22		5		113		593		 1		4
53		32		27		5		175		655		 1		4
54		18		42		4		0		720		 1		4
55		38		29		5		117		597		 1		4
56		41		40		5		214		694		 1		4
57		39		5		3		0		720		 1		4
58		10		38		4		0		720		 1		4
59		29		26		5		89		569		 1		4
60		28		21		5		138		618		 1		4
OPTION  LOCATION  CUSTOMER  PRIO  SERVICETIME   COST
0		55		0		0		2		0
1		58		1		0		2		0
2		56		2		0		2		0
3		53		3		0		2		0
4		57		4		0		2		0
5		53		5		0		2		0
6		60		6		0		2		0
7		52		7		0		2		0
8		51		8		0		2		0
9		55		9		0		2		0
10		1		10		0		5		0
11		2		11		0		5		0
12		3		12		0		5		0
13		4		13		0		5		0
14		5		14		0		5		0
15		6		15		0		5		0
16		7		16		0		5		0
17		8		17		0		5		0
18		9		18		0		5		0
19		10		19		0		5		0
20		11		20		1		5		0
21		53		20		0		2		0
22		12		21		0		5		0
23		59		21		1		2		0
24		13		22		1		5		0
25		60		22		0		2		0
26		14		23		0		5		0
27		55		23		1		2		0
28		15		24		1		5		0
29		58		24		0		2		0
30		16		25		1		5		0
31		58		25		0		2		0
32		17		26		0		5		0
33		60		26		1		2		0
34		18		27		1		5		0
35		52		27		0		2		0
36		19		28		1		5		0
37		59		28		0		2		0
38		20		29		1		5		0
39		59		29		0		2		0
40		21		30		1		5		0
41		55		30		0		2		0
42		59		30		2		2		0
43		22		31		0		5		0
44		52		31		1		2		0
45		60		31		2		2		0
46		23		32		1		5		0
47		56		32		2		2		0
48		55		32		0		2		0
49		24		33		0		5		0
50		56		33		1		2		0
51		53		33		2		2		0
52		25		34		2		5		0
53		52		34		0		2		0
54		51		34		1		2		0
55		26		35		0		5		0
56		51		35		1		2		0
57		59		35		2		2		0
58		27		36		0		5		0
59		55		36		1		2		0
60		53		36		2		2		0
61		28		37		1		5		0
62		53		37		2		2		0
63		59		37		0		2		0
64		29		38		2		5		0
65		51		38		0		2		0
66		59		38		1		2		0
67		30		39		0		5		0
68		53		39		1		2		0
69		58		39		2		2		0
70		31		40		1		5		0
71		32		40		0		5		0
72		53		40		2		2		0
73		33		41		2		5		0
74		34		41		0		5		0
75		53		41		1		2		0
76		35		42		0		5		0
77		36		42		2		5		0
78		56		42		1		2		0
79		37		43		1		5		0
80		38		43		0		5		0
81		58		43		2		2		0
82		39		44		2		5		0
83		40		44		1		5		0
84		52		44		0		2		0
85		41		45		0		5		0
86		42		45		2		5		0
87		51		45		1		2		0
88		43		46		2		5		0
89		44		46		0		5		0
90		56		46		1		2		0
91		45		47		2		5		0
92		46		47		1		5		0
93		54		47		0		2		0
94		47		48		1		5		0
95		48		48		2		5		0
96		59		48		0		2		0
97		49		49		1		5		0
98		50		49		0		5		0
99		59		49		2		2		0
