U_25medium_4.txt

VEHICLE     CAPACITY  LOCATIONS  CUSTOMER  OPTIONS  PRIORITIES  NUMTYPS
10		150		31		25		50		3		4

CUSTOMER  DEMAND
0	 14
1	 12
2	 17
3	 13
4	 17
5	 18
6	 12
7	 10
8	 17
9	 18
10	 16
11	 14
12	 16
13	 16
14	 16
15	 13
16	 17
17	 12
18	 18
19	 10
20	 14
21	 18
22	 16
23	 10
24	 16

LOCATION  XCOORD  YCOORD  CAP  READY  DUE  TYP  SERVICETIME
0		44		47		-1		0		720	 0		0
1		45		33		-1		300		420		 2		6
2		25		4		-1		377		497		 2		6
3		15		25		-1		539		659		 2		6
4		14		50		-1		65		185		 2		6
5		35		38		-1		0		120		 2		6
6		31		33		-1		114		234		 2		6
7		31		5		-1		81		201		 2		6
8		24		33		-1		49		169		 2		6
9		32		48		-1		301		421		 2		6
10		1		16		-1		334		454		 2		6
11		21		42		-1		488		608		 2		6
12		25		13		-1		586		706		 2		6
13		50		50		-1		341		461		 2		6
14		39		47		-1		225		345		 2		6
15		49		14		-1		341		461		 2		6
16		38		9		-1		586		706		 2		6
17		40		43		-1		67		187		 2		6
18		3		13		-1		226		346		 2		6
19		23		4		-1		501		621		 2		6
20		1		13		-1		58		178		 2		6
21		32		16		-1		554		674		 2		6
22		7		17		-1		364		484		 2		6
23		8		22		-1		110		230		 2		6
24		13		22		-1		404		524		 2		6
25		21		38		-1		586		706		 2		6
26		8		13		4		64		544		 1		4
27		28		9		5		116		596		 1		4
28		13		43		5		25		505		 1		4
29		32		10		5		154		634		 1		4
30		28		38		3		78		558		 1		4
OPTION  LOCATION  CUSTOMER  PRIO  SERVICETIME   COST
0		27		0		0		2		0
1		30		1		0		2		0
2		27		2		0		2		0
3		27		3		0		2		0
4		28		4		0		2		0
5		1		5		0		5		0
6		2		6		0		5		0
7		3		7		0		5		0
8		4		8		0		5		0
9		5		9		0		5		0
10		6		10		0		5		0
11		26		10		1		2		0
12		7		11		0		5		0
13		30		11		1		2		0
14		8		12		0		5		0
15		27		12		1		2		0
16		9		13		0		5		0
17		27		13		1		2		0
18		10		14		1		5		0
19		28		14		0		2		0
20		11		15		2		5		0
21		29		15		1		2		0
22		26		15		0		2		0
23		12		16		1		5		0
24		26		16		2		2		0
25		27		16		0		2		0
26		13		17		2		5		0
27		28		17		0		2		0
28		30		17		1		2		0
29		14		18		1		5		0
30		27		18		2		2		0
31		29		18		0		2		0
32		15		19		1		5		0
33		30		19		0		2		0
34		27		19		2		2		0
35		16		20		2		5		0
36		17		20		1		5		0
37		27		20		0		2		0
38		18		21		2		5		0
39		19		21		1		5		0
40		26		21		0		2		0
41		20		22		1		5		0
42		21		22		0		5		0
43		26		22		2		2		0
44		22		23		2		5		0
45		23		23		0		5		0
46		30		23		1		2		0
47		24		24		0		5		0
48		25		24		1		5		0
49		30		24		2		2		0
