UBC_50_4.txt

VEHICLE     CAPACITY  LOCATIONS  CUSTOMER  OPTIONS  PRIORITIES  NUMTYPS
10		400		53		50		100		3		4

CUSTOMER  DEMAND
0	 12
1	 17
2	 13
3	 10
4	 15
5	 14
6	 17
7	 18
8	 19
9	 15
10	 20
11	 12
12	 20
13	 17
14	 19
15	 20
16	 17
17	 19
18	 11
19	 12
20	 16
21	 20
22	 12
23	 19
24	 19
25	 15
26	 17
27	 17
28	 18
29	 18
30	 12
31	 20
32	 14
33	 14
34	 12
35	 12
36	 18
37	 12
38	 20
39	 18
40	 10
41	 16
42	 15
43	 14
44	 15
45	 17
46	 11
47	 11
48	 19
49	 10

LOCATION  XCOORD  YCOORD  CAP  READY  DUE  TYP  SERVICETIME
0		10		35		-1		0		720	 0		0
1		2		6		-1		124		364		 2		6
2		17		45		-1		118		358		 2		6
3		32		24		-1		43		283		 2		6
4		21		19		-1		493		613		 2		6
5		11		11		-1		288		528		 2		6
6		49		7		-1		360		720		 2		6
7		20		47		-1		230		350		 2		6
8		29		9		-1		417		657		 2		6
9		28		6		-1		391		511		 2		6
10		16		1		-1		230		470		 2		6
11		12		3		-1		591		711		 2		6
12		24		30		-1		0		360		 2		6
13		44		4		-1		360		480		 2		6
14		8		16		-1		410		650		 2		6
15		17		24		-1		77		317		 2		6
16		7		1		-1		444		684		 2		6
17		39		21		-1		360		720		 2		6
18		2		7		-1		376		616		 2		6
19		18		35		-1		112		232		 2		6
20		42		23		-1		421		541		 2		6
21		33		4		-1		360		720		 2		6
22		7		40		-1		360		720		 2		6
23		8		49		-1		374		614		 2		6
24		36		18		-1		43		163		 2		6
25		4		5		-1		130		250		 2		6
26		46		16		-1		5		125		 2		6
27		47		7		-1		0		360		 2		6
28		1		15		-1		172		412		 2		6
29		44		37		-1		186		426		 2		6
30		35		15		-1		10		250		 2		6
31		42		40		-1		311		551		 2		6
32		44		26		-1		360		480		 2		6
33		46		43		-1		0		360		 2		6
34		24		7		-1		230		350		 2		6
35		5		40		-1		360		720		 2		6
36		39		34		-1		561		681		 2		6
37		50		21		-1		0		360		 2		6
38		9		6		-1		204		324		 2		6
39		42		20		-1		38		158		 2		6
40		13		45		-1		186		306		 2		6
41		8		9		-1		69		309		 2		6
42		30		23		-1		0		360		 2		6
43		27		3		-1		0		360		 2		6
44		24		21		-1		426		546		 2		6
45		29		22		-1		299		539		 2		6
46		33		32		-1		360		720		 2		6
47		38		40		-1		496		616		 2		6
48		42		50		-1		512		632		 2		6
49		2		41		-1		579		699		 2		6
50		36		17		-1		11		131		 2		6
51		21		12		30		191		671		 1		4
52		31		26		30		12		492		 1		4
OPTION  LOCATION  CUSTOMER  PRIO  SERVICETIME   COST
0		51		0		0		2		0
1		52		1		0		2		0
2		51		2		0		2		0
3		51		3		0		2		0
4		52		4		0		2		0
5		51		5		0		2		0
6		51		6		0		2		0
7		52		7		0		2		0
8		51		8		0		2		0
9		51		9		0		2		0
10		1		10		0		5		0
11		2		11		0		5		0
12		3		12		0		5		0
13		4		13		0		5		0
14		5		14		0		5		0
15		6		15		0		5		0
16		7		16		0		5		0
17		8		17		0		5		0
18		9		18		0		5		0
19		10		19		0		5		0
20		11		20		0		5		0
21		52		20		1		2		0
22		12		21		1		5		0
23		52		21		0		2		0
24		13		22		0		5		0
25		52		22		1		2		0
26		14		23		1		5		0
27		51		23		0		2		0
28		15		24		0		5		0
29		51		24		1		2		0
30		16		25		0		5		0
31		52		25		1		2		0
32		17		26		0		5		0
33		51		26		1		2		0
34		18		27		0		5		0
35		51		27		1		2		0
36		19		28		1		5		0
37		52		28		0		2		0
38		20		29		0		5		0
39		52		29		1		2		0
40		21		30		0		5		0
41		51		30		1		2		0
42		52		30		2		2		0
43		22		31		0		5		0
44		52		31		1		2		0
45		51		31		2		2		0
46		23		32		0		5		0
47		52		32		1		2		0
48		51		32		2		2		0
49		24		33		2		5		0
50		51		33		0		2		0
51		52		33		1		2		0
52		25		34		0		5		0
53		51		34		1		2		0
54		52		34		2		2		0
55		26		35		2		5		0
56		52		35		1		2		0
57		51		35		0		2		0
58		27		36		0		5		0
59		51		36		1		2		0
60		52		36		2		2		0
61		28		37		2		5		0
62		51		37		1		2		0
63		52		37		0		2		0
64		29		38		0		5		0
65		51		38		1		2		0
66		52		38		2		2		0
67		30		39		1		5		0
68		51		39		2		2		0
69		52		39		0		2		0
70		31		40		1		5		0
71		32		40		0		5		0
72		51		40		2		2		0
73		33		41		2		5		0
74		34		41		1		5		0
75		52		41		0		2		0
76		35		42		2		5		0
77		36		42		0		5		0
78		51		42		1		2		0
79		37		43		1		5		0
80		38		43		2		5		0
81		51		43		0		2		0
82		39		44		2		5		0
83		40		44		0		5		0
84		51		44		1		2		0
85		41		45		0		5		0
86		42		45		1		5		0
87		52		45		2		2		0
88		43		46		0		5		0
89		44		46		2		5		0
90		52		46		1		2		0
91		45		47		1		5		0
92		46		47		2		5		0
93		51		47		0		2		0
94		47		48		1		5		0
95		48		48		2		5		0
96		51		48		0		2		0
97		49		49		1		5		0
98		50		49		2		5		0
99		52		49		0		2		0
