UBC_50_1.txt

VEHICLE     CAPACITY  LOCATIONS  CUSTOMER  OPTIONS  PRIORITIES  NUMTYPS
10		400		53		50		100		3		4

CUSTOMER  DEMAND
0	 10
1	 11
2	 17
3	 13
4	 17
5	 13
6	 11
7	 17
8	 20
9	 20
10	 16
11	 14
12	 11
13	 11
14	 14
15	 17
16	 13
17	 11
18	 13
19	 15
20	 12
21	 16
22	 15
23	 14
24	 15
25	 19
26	 18
27	 10
28	 15
29	 13
30	 15
31	 19
32	 12
33	 12
34	 10
35	 12
36	 10
37	 16
38	 16
39	 20
40	 14
41	 17
42	 12
43	 13
44	 20
45	 16
46	 10
47	 20
48	 10
49	 17

LOCATION  XCOORD  YCOORD  CAP  READY  DUE  TYP  SERVICETIME
0		1		1		-1		0		720	 0		0
1		31		14		-1		40		160		 2		6
2		44		21		-1		0		360		 2		6
3		21		16		-1		360		720		 2		6
4		8		49		-1		360		720		 2		6
5		41		12		-1		60		300		 2		6
6		41		31		-1		0		360		 2		6
7		8		33		-1		360		720		 2		6
8		11		50		-1		0		360		 2		6
9		19		17		-1		150		390		 2		6
10		41		5		-1		449		689		 2		6
11		38		14		-1		415		535		 2		6
12		2		9		-1		360		720		 2		6
13		38		19		-1		138		258		 2		6
14		29		42		-1		515		635		 2		6
15		41		29		-1		539		659		 2		6
16		36		11		-1		360		720		 2		6
17		16		7		-1		360		720		 2		6
18		31		37		-1		91		211		 2		6
19		8		8		-1		0		360		 2		6
20		30		28		-1		0		360		 2		6
21		33		2		-1		0		360		 2		6
22		9		41		-1		217		457		 2		6
23		46		38		-1		111		231		 2		6
24		47		12		-1		178		418		 2		6
25		30		40		-1		560		680		 2		6
26		40		18		-1		396		516		 2		6
27		50		20		-1		20		140		 2		6
28		30		29		-1		29		149		 2		6
29		34		5		-1		403		523		 2		6
30		44		18		-1		180		420		 2		6
31		6		21		-1		226		466		 2		6
32		18		5		-1		273		513		 2		6
33		2		50		-1		16		136		 2		6
34		41		2		-1		0		360		 2		6
35		7		49		-1		291		531		 2		6
36		50		47		-1		360		720		 2		6
37		33		27		-1		500		620		 2		6
38		33		24		-1		394		634		 2		6
39		23		2		-1		531		651		 2		6
40		42		36		-1		360		720		 2		6
41		32		41		-1		193		433		 2		6
42		10		24		-1		511		631		 2		6
43		37		24		-1		108		228		 2		6
44		9		27		-1		360		720		 2		6
45		24		50		-1		44		284		 2		6
46		33		5		-1		513		633		 2		6
47		27		15		-1		400		520		 2		6
48		30		41		-1		360		720		 2		6
49		10		21		-1		518		638		 2		6
50		42		25		-1		360		720		 2		6
51		24		26		22		0		720		 1		4
52		27		43		14		0		720		 1		4
OPTION  LOCATION  CUSTOMER  PRIO  SERVICETIME   COST
0		51		0		0		2		0
1		51		1		0		2		0
2		51		2		0		2		0
3		52		3		0		2		0
4		51		4		0		2		0
5		51		5		0		2		0
6		51		6		0		2		0
7		51		7		0		2		0
8		51		8		0		2		0
9		51		9		0		2		0
10		1		10		0		5		0
11		2		11		0		5		0
12		3		12		0		5		0
13		4		13		0		5		0
14		5		14		0		5		0
15		6		15		0		5		0
16		7		16		0		5		0
17		8		17		0		5		0
18		9		18		0		5		0
19		10		19		0		5		0
20		11		20		1		5		0
21		52		20		0		2		0
22		12		21		1		5		0
23		51		21		0		2		0
24		13		22		0		5		0
25		52		22		1		2		0
26		14		23		1		5		0
27		52		23		0		2		0
28		15		24		1		5		0
29		51		24		0		2		0
30		16		25		0		5		0
31		51		25		1		2		0
32		17		26		0		5		0
33		51		26		1		2		0
34		18		27		1		5		0
35		51		27		0		2		0
36		19		28		0		5		0
37		52		28		1		2		0
38		20		29		1		5		0
39		52		29		0		2		0
40		21		30		1		5		0
41		52		30		2		2		0
42		51		30		0		2		0
43		22		31		2		5		0
44		51		31		0		2		0
45		52		31		1		2		0
46		23		32		2		5		0
47		51		32		0		2		0
48		52		32		1		2		0
49		24		33		2		5		0
50		52		33		0		2		0
51		51		33		1		2		0
52		25		34		0		5		0
53		51		34		1		2		0
54		52		34		2		2		0
55		26		35		0		5		0
56		52		35		1		2		0
57		51		35		2		2		0
58		27		36		0		5		0
59		52		36		2		2		0
60		51		36		1		2		0
61		28		37		0		5		0
62		51		37		1		2		0
63		52		37		2		2		0
64		29		38		1		5		0
65		51		38		0		2		0
66		52		38		2		2		0
67		30		39		1		5		0
68		51		39		0		2		0
69		52		39		2		2		0
70		31		40		2		5		0
71		32		40		1		5		0
72		52		40		0		2		0
73		33		41		1		5		0
74		34		41		2		5		0
75		52		41		0		2		0
76		35		42		2		5		0
77		36		42		0		5		0
78		51		42		1		2		0
79		37		43		2		5		0
80		38		43		1		5		0
81		52		43		0		2		0
82		39		44		2		5		0
83		40		44		0		5		0
84		51		44		1		2		0
85		41		45		1		5		0
86		42		45		0		5		0
87		51		45		2		2		0
88		43		46		1		5		0
89		44		46		0		5		0
90		51		46		2		2		0
91		45		47		2		5		0
92		46		47		1		5		0
93		52		47		0		2		0
94		47		48		1		5		0
95		48		48		0		5		0
96		52		48		2		2		0
97		49		49		0		5		0
98		50		49		1		5		0
99		51		49		2		2		0
