UBC_50_10.txt

VEHICLE     CAPACITY  LOCATIONS  CUSTOMER  OPTIONS  PRIORITIES  NUMTYPS
10		400		53		50		100		3		4

CUSTOMER  DEMAND
0	 10
1	 12
2	 10
3	 16
4	 13
5	 19
6	 13
7	 10
8	 10
9	 11
10	 16
11	 15
12	 17
13	 14
14	 17
15	 18
16	 10
17	 17
18	 17
19	 14
20	 11
21	 13
22	 12
23	 14
24	 18
25	 13
26	 19
27	 14
28	 19
29	 14
30	 12
31	 14
32	 11
33	 15
34	 19
35	 12
36	 19
37	 13
38	 13
39	 19
40	 17
41	 13
42	 14
43	 19
44	 17
45	 16
46	 16
47	 18
48	 12
49	 13

LOCATION  XCOORD  YCOORD  CAP  READY  DUE  TYP  SERVICETIME
0		28		36		-1		0		720	 0		0
1		25		15		-1		360		720		 2		6
2		32		3		-1		360		720		 2		6
3		36		5		-1		459		699		 2		6
4		36		11		-1		360		720		 2		6
5		15		4		-1		357		597		 2		6
6		5		8		-1		0		360		 2		6
7		25		16		-1		499		619		 2		6
8		43		49		-1		81		321		 2		6
9		15		18		-1		553		673		 2		6
10		20		14		-1		589		709		 2		6
11		5		29		-1		15		135		 2		6
12		29		12		-1		457		577		 2		6
13		43		6		-1		22		142		 2		6
14		40		32		-1		9		249		 2		6
15		3		19		-1		333		573		 2		6
16		45		13		-1		48		288		 2		6
17		22		7		-1		448		688		 2		6
18		19		24		-1		360		720		 2		6
19		2		23		-1		317		557		 2		6
20		33		16		-1		360		720		 2		6
21		19		24		-1		0		360		 2		6
22		17		37		-1		21		141		 2		6
23		33		14		-1		221		341		 2		6
24		28		45		-1		360		720		 2		6
25		45		13		-1		360		720		 2		6
26		4		7		-1		0		360		 2		6
27		21		47		-1		68		308		 2		6
28		2		19		-1		399		639		 2		6
29		19		32		-1		360		720		 2		6
30		13		38		-1		214		454		 2		6
31		15		41		-1		360		720		 2		6
32		18		33		-1		449		569		 2		6
33		1		36		-1		360		720		 2		6
34		23		28		-1		360		720		 2		6
35		50		4		-1		200		320		 2		6
36		14		34		-1		59		299		 2		6
37		37		22		-1		203		443		 2		6
38		18		34		-1		0		360		 2		6
39		31		25		-1		360		720		 2		6
40		28		9		-1		216		456		 2		6
41		36		50		-1		15		135		 2		6
42		4		29		-1		423		543		 2		6
43		9		46		-1		457		577		 2		6
44		48		48		-1		0		360		 2		6
45		45		49		-1		85		205		 2		6
46		45		38		-1		477		597		 2		6
47		46		48		-1		431		551		 2		6
48		47		33		-1		382		622		 2		6
49		15		12		-1		100		220		 2		6
50		37		45		-1		0		360		 2		6
51		20		8		11		0		720		 1		4
52		45		32		30		92		572		 1		4
OPTION  LOCATION  CUSTOMER  PRIO  SERVICETIME   COST
0		52		0		0		2		0
1		52		1		0		2		0
2		51		2		0		2		0
3		52		3		0		2		0
4		52		4		0		2		0
5		52		5		0		2		0
6		52		6		0		2		0
7		51		7		0		2		0
8		52		8		0		2		0
9		52		9		0		2		0
10		1		10		0		5		0
11		2		11		0		5		0
12		3		12		0		5		0
13		4		13		0		5		0
14		5		14		0		5		0
15		6		15		0		5		0
16		7		16		0		5		0
17		8		17		0		5		0
18		9		18		0		5		0
19		10		19		0		5		0
20		11		20		1		5		0
21		51		20		0		2		0
22		12		21		1		5		0
23		51		21		0		2		0
24		13		22		0		5		0
25		52		22		1		2		0
26		14		23		0		5		0
27		51		23		1		2		0
28		15		24		0		5		0
29		51		24		1		2		0
30		16		25		1		5		0
31		52		25		0		2		0
32		17		26		0		5		0
33		51		26		1		2		0
34		18		27		0		5		0
35		51		27		1		2		0
36		19		28		0		5		0
37		52		28		1		2		0
38		20		29		0		5		0
39		52		29		1		2		0
40		21		30		0		5		0
41		52		30		2		2		0
42		51		30		1		2		0
43		22		31		0		5		0
44		51		31		1		2		0
45		52		31		2		2		0
46		23		32		1		5		0
47		51		32		2		2		0
48		52		32		0		2		0
49		24		33		1		5		0
50		52		33		2		2		0
51		51		33		0		2		0
52		25		34		2		5		0
53		52		34		1		2		0
54		51		34		0		2		0
55		26		35		0		5		0
56		51		35		2		2		0
57		52		35		1		2		0
58		27		36		0		5		0
59		51		36		1		2		0
60		52		36		2		2		0
61		28		37		1		5		0
62		51		37		2		2		0
63		52		37		0		2		0
64		29		38		2		5		0
65		52		38		0		2		0
66		51		38		1		2		0
67		30		39		2		5		0
68		52		39		1		2		0
69		51		39		0		2		0
70		31		40		2		5		0
71		32		40		0		5		0
72		52		40		1		2		0
73		33		41		0		5		0
74		34		41		1		5		0
75		51		41		2		2		0
76		35		42		0		5		0
77		36		42		1		5		0
78		52		42		2		2		0
79		37		43		2		5		0
80		38		43		0		5		0
81		52		43		1		2		0
82		39		44		1		5		0
83		40		44		2		5		0
84		51		44		0		2		0
85		41		45		0		5		0
86		42		45		1		5		0
87		52		45		2		2		0
88		43		46		0		5		0
89		44		46		1		5		0
90		51		46		2		2		0
91		45		47		0		5		0
92		46		47		2		5		0
93		52		47		1		2		0
94		47		48		0		5		0
95		48		48		2		5		0
96		52		48		1		2		0
97		49		49		2		5		0
98		50		49		0		5		0
99		52		49		1		2		0
