UBC_50_3.txt

VEHICLE     CAPACITY  LOCATIONS  CUSTOMER  OPTIONS  PRIORITIES  NUMTYPS
10		400		53		50		100		3		4

CUSTOMER  DEMAND
0	 10
1	 10
2	 12
3	 11
4	 12
5	 11
6	 19
7	 10
8	 14
9	 16
10	 18
11	 16
12	 15
13	 13
14	 11
15	 20
16	 15
17	 16
18	 20
19	 16
20	 13
21	 11
22	 14
23	 17
24	 20
25	 15
26	 10
27	 12
28	 16
29	 17
30	 13
31	 14
32	 14
33	 12
34	 11
35	 10
36	 12
37	 14
38	 10
39	 20
40	 14
41	 12
42	 17
43	 11
44	 14
45	 20
46	 11
47	 18
48	 20
49	 16

LOCATION  XCOORD  YCOORD  CAP  READY  DUE  TYP  SERVICETIME
0		1		49		-1		0		720	 0		0
1		12		1		-1		0		360		 2		6
2		35		35		-1		239		359		 2		6
3		12		43		-1		360		720		 2		6
4		49		21		-1		0		360		 2		6
5		27		44		-1		0		360		 2		6
6		47		11		-1		359		599		 2		6
7		30		19		-1		428		548		 2		6
8		48		21		-1		360		720		 2		6
9		13		41		-1		56		176		 2		6
10		20		41		-1		456		576		 2		6
11		48		50		-1		394		514		 2		6
12		47		23		-1		48		288		 2		6
13		33		33		-1		0		360		 2		6
14		25		5		-1		164		284		 2		6
15		16		37		-1		581		701		 2		6
16		39		42		-1		0		360		 2		6
17		24		15		-1		368		488		 2		6
18		20		5		-1		28		268		 2		6
19		7		16		-1		360		720		 2		6
20		45		28		-1		409		649		 2		6
21		11		11		-1		360		720		 2		6
22		44		29		-1		484		604		 2		6
23		6		11		-1		456		696		 2		6
24		5		1		-1		149		389		 2		6
25		45		36		-1		0		360		 2		6
26		33		20		-1		503		623		 2		6
27		5		30		-1		574		694		 2		6
28		10		40		-1		541		661		 2		6
29		29		46		-1		360		720		 2		6
30		16		40		-1		577		697		 2		6
31		47		27		-1		0		360		 2		6
32		38		2		-1		153		273		 2		6
33		34		25		-1		222		462		 2		6
34		26		21		-1		0		360		 2		6
35		5		41		-1		67		187		 2		6
36		16		37		-1		19		139		 2		6
37		44		43		-1		360		720		 2		6
38		30		45		-1		0		360		 2		6
39		47		1		-1		0		360		 2		6
40		10		42		-1		61		181		 2		6
41		39		13		-1		152		272		 2		6
42		40		1		-1		0		360		 2		6
43		17		8		-1		171		291		 2		6
44		44		46		-1		150		390		 2		6
45		30		5		-1		334		574		 2		6
46		27		37		-1		414		534		 2		6
47		25		14		-1		302		542		 2		6
48		2		35		-1		395		515		 2		6
49		9		13		-1		0		360		 2		6
50		20		47		-1		73		193		 2		6
51		45		11		30		42		522		 1		4
52		18		40		25		0		720		 1		4
OPTION  LOCATION  CUSTOMER  PRIO  SERVICETIME   COST
0		52		0		0		2		0
1		51		1		0		2		0
2		52		2		0		2		0
3		51		3		0		2		0
4		51		4		0		2		0
5		51		5		0		2		0
6		51		6		0		2		0
7		52		7		0		2		0
8		52		8		0		2		0
9		52		9		0		2		0
10		1		10		0		5		0
11		2		11		0		5		0
12		3		12		0		5		0
13		4		13		0		5		0
14		5		14		0		5		0
15		6		15		0		5		0
16		7		16		0		5		0
17		8		17		0		5		0
18		9		18		0		5		0
19		10		19		0		5		0
20		11		20		1		5		0
21		52		20		0		2		0
22		12		21		0		5		0
23		51		21		1		2		0
24		13		22		0		5		0
25		51		22		1		2		0
26		14		23		0		5		0
27		51		23		1		2		0
28		15		24		1		5		0
29		51		24		0		2		0
30		16		25		1		5		0
31		52		25		0		2		0
32		17		26		1		5		0
33		52		26		0		2		0
34		18		27		0		5		0
35		51		27		1		2		0
36		19		28		0		5		0
37		52		28		1		2		0
38		20		29		0		5		0
39		52		29		1		2		0
40		21		30		1		5		0
41		52		30		2		2		0
42		51		30		0		2		0
43		22		31		0		5		0
44		52		31		1		2		0
45		51		31		2		2		0
46		23		32		2		5		0
47		51		32		0		2		0
48		52		32		1		2		0
49		24		33		2		5		0
50		51		33		0		2		0
51		52		33		1		2		0
52		25		34		0		5		0
53		51		34		1		2		0
54		52		34		2		2		0
55		26		35		1		5		0
56		51		35		0		2		0
57		52		35		2		2		0
58		27		36		1		5		0
59		52		36		2		2		0
60		51		36		0		2		0
61		28		37		0		5		0
62		52		37		1		2		0
63		51		37		2		2		0
64		29		38		2		5		0
65		52		38		0		2		0
66		51		38		1		2		0
67		30		39		0		5		0
68		52		39		1		2		0
69		51		39		2		2		0
70		31		40		2		5		0
71		32		40		0		5		0
72		52		40		1		2		0
73		33		41		1		5		0
74		34		41		0		5		0
75		52		41		2		2		0
76		35		42		1		5		0
77		36		42		0		5		0
78		52		42		2		2		0
79		37		43		0		5		0
80		38		43		1		5		0
81		52		43		2		2		0
82		39		44		1		5		0
83		40		44		2		5		0
84		51		44		0		2		0
85		41		45		0		5		0
86		42		45		2		5		0
87		52		45		1		2		0
88		43		46		2		5		0
89		44		46		1		5		0
90		52		46		0		2		0
91		45		47		1		5		0
92		46		47		2		5		0
93		52		47		0		2		0
94		47		48		0		5		0
95		48		48		2		5		0
96		52		48		1		2		0
97		49		49		2		5		0
98		50		49		1		5		0
99		52		49		0		2		0
