V_50medium_5.txt

VEHICLE     CAPACITY  LOCATIONS  CUSTOMER  OPTIONS  PRIORITIES  NUMTYPS
10		150		49		50		76		3		4

CUSTOMER  DEMAND
0	 10
1	 18
2	 12
3	 17
4	 13
5	 18
6	 10
7	 19
8	 12
9	 11
10	 16
11	 18
12	 19
13	 13
14	 18
15	 13
16	 16
17	 14
18	 13
19	 20
20	 11
21	 11
22	 11
23	 18
24	 12
25	 18
26	 17
27	 17
28	 10
29	 15
30	 11
31	 16
32	 13
33	 17
34	 18
35	 13
36	 13
37	 15
38	 12
39	 18
40	 12
41	 10
42	 16
43	 20
44	 11
45	 12
46	 13
47	 14
48	 11
49	 10

LOCATION  XCOORD  YCOORD  CAP  READY  DUE  TYP  SERVICETIME
0		8		12		-1		0		720	 0		0
1		2		43		-1		395		515		 2		6
2		25		28		-1		332		452		 2		6
3		49		2		-1		273		393		 2		6
4		31		35		-1		250		370		 2		6
5		48		29		-1		66		186		 2		6
6		47		8		-1		324		444		 2		6
7		50		9		-1		145		265		 2		6
8		15		34		-1		571		691		 2		6
9		4		16		-1		59		179		 2		6
10		37		11		-1		91		211		 2		6
11		36		49		-1		10		130		 2		6
12		26		44		-1		515		635		 2		6
13		37		10		-1		105		225		 2		6
14		23		17		-1		405		525		 2		6
15		42		2		-1		475		595		 2		6
16		17		15		-1		108		228		 2		6
17		7		2		-1		168		288		 2		6
18		23		40		-1		51		171		 2		6
19		22		4		-1		499		619		 2		6
20		8		32		-1		411		531		 2		6
21		41		39		-1		516		636		 2		6
22		1		14		-1		5		125		 2		6
23		30		47		-1		465		585		 2		6
24		39		32		-1		584		704		 2		6
25		21		48		-1		536		656		 2		6
26		41		25		-1		357		477		 2		6
27		26		1		-1		283		403		 2		6
28		48		5		-1		321		441		 2		6
29		17		47		-1		67		187		 2		6
30		1		12		-1		515		635		 2		6
31		14		41		-1		249		369		 2		6
32		20		41		-1		211		331		 2		6
33		13		44		-1		78		198		 2		6
34		50		42		-1		415		535		 2		6
35		34		6		-1		336		456		 2		6
36		17		18		-1		158		278		 2		6
37		38		26		-1		570		690		 2		6
38		42		46		-1		465		585		 2		6
39		22		5		4		87		567		 1		4
40		13		43		5		180		660		 1		4
41		37		37		5		227		707		 1		4
42		17		17		4		94		574		 1		4
43		23		14		5		203		683		 1		4
44		7		31		3		13		493		 1		4
45		9		18		4		136		616		 1		4
46		37		17		4		25		505		 1		4
47		5		30		5		109		589		 1		4
48		6		44		4		115		595		 1		4
OPTION  LOCATION  CUSTOMER  PRIO  SERVICETIME   COST
0		44		0		0		2		0
1		45		1		0		2		0
2		47		2		0		2		0
3		45		3		0		2		0
4		39		4		0		2		0
5		48		5		0		2		0
6		41		6		0		2		0
7		39		7		0		2		0
8		40		8		0		2		0
9		43		9		0		2		0
10		48		10		0		2		0
11		42		11		0		2		0
12		1		12		0		5		0
13		2		13		0		5		0
14		3		14		0		5		0
15		4		15		0		5		0
16		5		16		0		5		0
17		6		17		0		5		0
18		7		18		0		5		0
19		8		19		0		5		0
20		9		20		0		5		0
21		10		21		0		5		0
22		11		22		0		5		0
23		12		23		0		5		0
24		13		24		1		5		0
25		44		24		0		2		0
26		14		25		0		5		0
27		46		25		1		2		0
28		15		26		0		5		0
29		41		26		1		2		0
30		16		27		0		5		0
31		42		27		1		2		0
32		17		28		0		5		0
33		43		28		1		2		0
34		18		29		0		5		0
35		43		29		1		2		0
36		19		30		1		5		0
37		42		30		0		2		0
38		20		31		1		5		0
39		47		31		0		2		0
40		21		32		0		5		0
41		42		32		1		2		0
42		22		33		1		5		0
43		40		33		0		2		0
44		23		34		0		5		0
45		47		34		1		2		0
46		24		35		1		5		0
47		43		35		0		2		0
48		25		36		0		5		0
49		47		36		1		2		0
50		26		37		1		5		0
51		40		37		0		2		0
52		27		38		1		5		0
53		42		38		0		2		0
54		28		39		1		5		0
55		47		39		0		2		0
56		29		40		1		5		0
57		41		40		0		2		0
58		30		41		0		5		0
59		44		41		1		2		0
60		31		42		0		5		0
61		43		42		1		2		0
62		32		43		0		5		0
63		48		43		1		2		0
64		33		44		1		5		0
65		41		44		0		2		0
66		34		45		1		5		0
67		46		45		0		2		0
68		35		46		1		5		0
69		39		46		0		2		0
70		36		47		0		5		0
71		39		47		1		2		0
72		37		48		0		5		0
73		39		48		1		2		0
74		38		49		0		5		0
75		45		49		1		2		0
