V_25_9.txt

VEHICLE     CAPACITY  LOCATIONS  CUSTOMER  OPTIONS  PRIORITIES  NUMTYPS
10		150		25		25		38		3		4

CUSTOMER  DEMAND
0	 19
1	 14
2	 20
3	 11
4	 11
5	 17
6	 16
7	 14
8	 14
9	 15
10	 18
11	 19
12	 13
13	 18
14	 19
15	 13
16	 20
17	 14
18	 14
19	 19
20	 14
21	 11
22	 11
23	 13
24	 12

LOCATION  XCOORD  YCOORD  CAP  READY  DUE  TYP  SERVICETIME
0		7		10		-1		0		720	 0		0
1		16		5		-1		0		360		 2		6
2		34		41		-1		0		360		 2		6
3		38		25		-1		0		360		 2		6
4		49		30		-1		0		360		 2		6
5		24		2		-1		405		525		 2		6
6		26		21		-1		357		597		 2		6
7		13		26		-1		221		341		 2		6
8		39		7		-1		0		360		 2		6
9		42		6		-1		53		173		 2		6
10		32		42		-1		593		713		 2		6
11		4		49		-1		360		720		 2		6
12		48		33		-1		175		415		 2		6
13		44		31		-1		585		705		 2		6
14		16		50		-1		360		720		 2		6
15		1		48		-1		360		720		 2		6
16		6		5		-1		320		560		 2		6
17		13		30		-1		537		657		 2		6
18		17		16		-1		360		720		 2		6
19		34		9		-1		0		360		 2		6
20		22		39		5		0		720		 1		4
21		26		38		5		0		720		 1		4
22		21		45		5		214		694		 1		4
23		30		10		5		0		720		 1		4
24		8		11		4		0		720		 1		4
OPTION  LOCATION  CUSTOMER  PRIO  SERVICETIME   COST
0		20		0		0		2		0
1		20		1		0		2		0
2		20		2		0		2		0
3		23		3		0		2		0
4		21		4		0		2		0
5		22		5		0		2		0
6		1		6		0		5		0
7		2		7		0		5		0
8		3		8		0		5		0
9		4		9		0		5		0
10		5		10		0		5		0
11		6		11		0		5		0
12		7		12		1		5		0
13		23		12		0		2		0
14		8		13		0		5		0
15		24		13		1		2		0
16		9		14		1		5		0
17		21		14		0		2		0
18		10		15		0		5		0
19		23		15		1		2		0
20		11		16		0		5		0
21		20		16		1		2		0
22		12		17		1		5		0
23		24		17		0		2		0
24		13		18		0		5		0
25		20		18		1		2		0
26		14		19		0		5		0
27		24		19		1		2		0
28		15		20		1		5		0
29		22		20		0		2		0
30		16		21		1		5		0
31		22		21		0		2		0
32		17		22		1		5		0
33		21		22		0		2		0
34		18		23		1		5		0
35		20		23		0		2		0
36		19		24		1		5		0
37		20		24		0		2		0
