V_25_5.txt

VEHICLE     CAPACITY  LOCATIONS  CUSTOMER  OPTIONS  PRIORITIES  NUMTYPS
10		150		25		25		38		3		4

CUSTOMER  DEMAND
0	 12
1	 14
2	 14
3	 18
4	 10
5	 17
6	 15
7	 12
8	 14
9	 13
10	 14
11	 15
12	 18
13	 18
14	 11
15	 14
16	 19
17	 12
18	 11
19	 13
20	 10
21	 11
22	 19
23	 12
24	 15

LOCATION  XCOORD  YCOORD  CAP  READY  DUE  TYP  SERVICETIME
0		9		25		-1		0		720	 0		0
1		42		6		-1		201		321		 2		6
2		3		26		-1		172		292		 2		6
3		20		35		-1		0		240		 2		6
4		10		9		-1		136		256		 2		6
5		21		47		-1		0		360		 2		6
6		1		21		-1		45		285		 2		6
7		31		14		-1		131		251		 2		6
8		43		11		-1		121		361		 2		6
9		1		34		-1		271		511		 2		6
10		11		9		-1		50		170		 2		6
11		47		18		-1		406		646		 2		6
12		20		24		-1		0		360		 2		6
13		1		35		-1		46		286		 2		6
14		15		20		-1		0		360		 2		6
15		31		46		-1		218		458		 2		6
16		8		14		-1		159		399		 2		6
17		49		26		-1		360		720		 2		6
18		18		3		-1		196		316		 2		6
19		35		47		-1		360		720		 2		6
20		34		10		3		0		720		 1		4
21		33		24		5		138		618		 1		4
22		21		29		3		0		720		 1		4
23		25		13		3		0		720		 1		4
24		19		25		5		151		631		 1		4
OPTION  LOCATION  CUSTOMER  PRIO  SERVICETIME   COST
0		23		0		0		2		0
1		23		1		0		2		0
2		23		2		0		2		0
3		22		3		0		2		0
4		22		4		0		2		0
5		22		5		0		2		0
6		1		6		0		5		0
7		2		7		0		5		0
8		3		8		0		5		0
9		4		9		0		5		0
10		5		10		0		5		0
11		6		11		0		5		0
12		7		12		1		5		0
13		21		12		0		2		0
14		8		13		0		5		0
15		22		13		1		2		0
16		9		14		1		5		0
17		21		14		0		2		0
18		10		15		0		5		0
19		21		15		1		2		0
20		11		16		0		5		0
21		23		16		1		2		0
22		12		17		0		5		0
23		21		17		1		2		0
24		13		18		1		5		0
25		20		18		0		2		0
26		14		19		0		5		0
27		24		19		1		2		0
28		15		20		1		5		0
29		21		20		0		2		0
30		16		21		1		5		0
31		20		21		0		2		0
32		17		22		0		5		0
33		24		22		1		2		0
34		18		23		1		5		0
35		21		23		0		2		0
36		19		24		1		5		0
37		20		24		0		2		0
