U_25medium_6.txt

VEHICLE     CAPACITY  LOCATIONS  CUSTOMER  OPTIONS  PRIORITIES  NUMTYPS
10		150		31		25		50		3		4

CUSTOMER  DEMAND
0	 17
1	 19
2	 13
3	 11
4	 15
5	 12
6	 13
7	 11
8	 14
9	 14
10	 10
11	 18
12	 15
13	 18
14	 11
15	 19
16	 18
17	 19
18	 11
19	 15
20	 20
21	 10
22	 11
23	 17
24	 13

LOCATION  XCOORD  YCOORD  CAP  READY  DUE  TYP  SERVICETIME
0		6		28		-1		0		720	 0		0
1		4		16		-1		392		512		 2		6
2		38		47		-1		495		615		 2		6
3		6		4		-1		207		327		 2		6
4		38		42		-1		95		215		 2		6
5		42		32		-1		168		288		 2		6
6		41		7		-1		592		712		 2		6
7		29		47		-1		187		307		 2		6
8		13		31		-1		4		124		 2		6
9		8		43		-1		217		337		 2		6
10		3		39		-1		6		126		 2		6
11		12		6		-1		107		227		 2		6
12		22		25		-1		594		714		 2		6
13		31		40		-1		432		552		 2		6
14		49		19		-1		471		591		 2		6
15		28		45		-1		275		395		 2		6
16		30		29		-1		283		403		 2		6
17		42		8		-1		472		592		 2		6
18		30		29		-1		326		446		 2		6
19		45		48		-1		84		204		 2		6
20		12		14		-1		565		685		 2		6
21		11		16		-1		205		325		 2		6
22		19		20		-1		26		146		 2		6
23		31		47		-1		107		227		 2		6
24		35		12		-1		398		518		 2		6
25		8		22		-1		89		209		 2		6
26		34		32		3		13		493		 1		4
27		12		34		5		33		513		 1		4
28		39		38		5		218		698		 1		4
29		37		6		4		106		586		 1		4
30		32		29		5		8		488		 1		4
OPTION  LOCATION  CUSTOMER  PRIO  SERVICETIME   COST
0		29		0		0		2		0
1		29		1		0		2		0
2		26		2		0		2		0
3		29		3		0		2		0
4		29		4		0		2		0
5		1		5		0		5		0
6		2		6		0		5		0
7		3		7		0		5		0
8		4		8		0		5		0
9		5		9		0		5		0
10		6		10		0		5		0
11		28		10		1		2		0
12		7		11		1		5		0
13		29		11		0		2		0
14		8		12		0		5		0
15		29		12		1		2		0
16		9		13		1		5		0
17		30		13		0		2		0
18		10		14		1		5		0
19		26		14		0		2		0
20		11		15		1		5		0
21		30		15		0		2		0
22		26		15		2		2		0
23		12		16		1		5		0
24		28		16		0		2		0
25		30		16		2		2		0
26		13		17		2		5		0
27		26		17		1		2		0
28		27		17		0		2		0
29		14		18		0		5		0
30		26		18		1		2		0
31		28		18		2		2		0
32		15		19		0		5		0
33		30		19		1		2		0
34		26		19		2		2		0
35		16		20		0		5		0
36		17		20		2		5		0
37		26		20		1		2		0
38		18		21		2		5		0
39		19		21		0		5		0
40		26		21		1		2		0
41		20		22		1		5		0
42		21		22		0		5		0
43		29		22		2		2		0
44		22		23		2		5		0
45		23		23		1		5		0
46		30		23		0		2		0
47		24		24		2		5		0
48		25		24		0		5		0
49		27		24		1		2		0
