U_25small_4.txt

VEHICLE     CAPACITY  LOCATIONS  CUSTOMER  OPTIONS  PRIORITIES  NUMTYPS
10		150		31		25		50		3		4

CUSTOMER  DEMAND
0	 11
1	 14
2	 18
3	 19
4	 19
5	 17
6	 12
7	 19
8	 10
9	 19
10	 11
11	 13
12	 20
13	 11
14	 10
15	 16
16	 15
17	 14
18	 12
19	 11
20	 20
21	 12
22	 19
23	 20
24	 17

LOCATION  XCOORD  YCOORD  CAP  READY  DUE  TYP  SERVICETIME
0		25		50		-1		0		720	 0		0
1		49		10		-1		160		220		 2		6
2		44		20		-1		456		516		 2		6
3		18		29		-1		183		243		 2		6
4		19		6		-1		464		524		 2		6
5		50		39		-1		367		427		 2		6
6		48		45		-1		51		111		 2		6
7		8		14		-1		405		465		 2		6
8		44		20		-1		219		279		 2		6
9		33		1		-1		275		335		 2		6
10		9		38		-1		480		540		 2		6
11		21		14		-1		405		465		 2		6
12		16		6		-1		118		178		 2		6
13		5		3		-1		416		476		 2		6
14		18		6		-1		84		144		 2		6
15		48		17		-1		619		679		 2		6
16		30		42		-1		547		607		 2		6
17		15		13		-1		346		406		 2		6
18		42		47		-1		207		267		 2		6
19		4		36		-1		409		469		 2		6
20		46		39		-1		186		246		 2		6
21		30		16		-1		632		692		 2		6
22		45		14		-1		50		110		 2		6
23		38		33		-1		557		617		 2		6
24		48		6		-1		68		128		 2		6
25		37		45		-1		520		580		 2		6
26		36		43		3		52		292		 1		4
27		43		21		4		233		473		 1		4
28		25		9		3		53		293		 1		4
29		33		6		4		38		278		 1		4
30		22		13		3		320		560		 1		4
OPTION  LOCATION  CUSTOMER  PRIO  SERVICETIME   COST
0		26		0		0		2		0
1		27		1		0		2		0
2		26		2		0		2		0
3		28		3		0		2		0
4		26		4		0		2		0
5		1		5		0		5		0
6		2		6		0		5		0
7		3		7		0		5		0
8		4		8		0		5		0
9		5		9		0		5		0
10		6		10		1		5		0
11		29		10		0		2		0
12		7		11		0		5		0
13		28		11		1		2		0
14		8		12		0		5		0
15		30		12		1		2		0
16		9		13		1		5		0
17		27		13		0		2		0
18		10		14		1		5		0
19		27		14		0		2		0
20		11		15		1		5		0
21		27		15		2		2		0
22		28		15		0		2		0
23		12		16		1		5		0
24		29		16		2		2		0
25		26		16		0		2		0
26		13		17		2		5		0
27		29		17		0		2		0
28		27		17		1		2		0
29		14		18		1		5		0
30		26		18		0		2		0
31		30		18		2		2		0
32		15		19		1		5		0
33		28		19		0		2		0
34		30		19		2		2		0
35		16		20		0		5		0
36		17		20		2		5		0
37		27		20		1		2		0
38		18		21		1		5		0
39		19		21		0		5		0
40		30		21		2		2		0
41		20		22		1		5		0
42		21		22		0		5		0
43		30		22		2		2		0
44		22		23		1		5		0
45		23		23		2		5		0
46		26		23		0		2		0
47		24		24		1		5		0
48		25		24		2		5		0
49		28		24		0		2		0
