U_25small_10.txt

VEHICLE     CAPACITY  LOCATIONS  CUSTOMER  OPTIONS  PRIORITIES  NUMTYPS
10		150		31		25		50		3		4

CUSTOMER  DEMAND
0	 19
1	 18
2	 14
3	 18
4	 11
5	 13
6	 16
7	 17
8	 12
9	 18
10	 17
11	 13
12	 10
13	 19
14	 16
15	 15
16	 12
17	 11
18	 13
19	 16
20	 16
21	 12
22	 19
23	 16
24	 11

LOCATION  XCOORD  YCOORD  CAP  READY  DUE  TYP  SERVICETIME
0		21		47		-1		0		720	 0		0
1		40		37		-1		236		296		 2		6
2		35		24		-1		350		410		 2		6
3		50		22		-1		571		631		 2		6
4		47		2		-1		483		543		 2		6
5		12		50		-1		99		159		 2		6
6		30		7		-1		349		409		 2		6
7		44		10		-1		65		125		 2		6
8		30		28		-1		126		186		 2		6
9		29		14		-1		245		305		 2		6
10		10		23		-1		212		272		 2		6
11		23		17		-1		206		266		 2		6
12		20		27		-1		619		679		 2		6
13		48		38		-1		404		464		 2		6
14		36		45		-1		276		336		 2		6
15		38		15		-1		141		201		 2		6
16		27		40		-1		299		359		 2		6
17		3		49		-1		342		402		 2		6
18		21		34		-1		429		489		 2		6
19		48		24		-1		319		379		 2		6
20		47		9		-1		362		422		 2		6
21		28		12		-1		553		613		 2		6
22		8		2		-1		435		495		 2		6
23		49		48		-1		546		606		 2		6
24		30		41		-1		467		527		 2		6
25		24		46		-1		464		524		 2		6
26		31		42		3		443		683		 1		4
27		9		38		3		197		437		 1		4
28		42		35		4		103		343		 1		4
29		10		19		5		421		661		 1		4
30		5		43		5		2		242		 1		4
OPTION  LOCATION  CUSTOMER  PRIO  SERVICETIME   COST
0		26		0		0		2		0
1		30		1		0		2		0
2		30		2		0		2		0
3		29		3		0		2		0
4		28		4		0		2		0
5		1		5		0		5		0
6		2		6		0		5		0
7		3		7		0		5		0
8		4		8		0		5		0
9		5		9		0		5		0
10		6		10		0		5		0
11		30		10		1		2		0
12		7		11		0		5		0
13		26		11		1		2		0
14		8		12		1		5		0
15		27		12		0		2		0
16		9		13		1		5		0
17		26		13		0		2		0
18		10		14		0		5		0
19		30		14		1		2		0
20		11		15		0		5		0
21		27		15		2		2		0
22		28		15		1		2		0
23		12		16		2		5		0
24		30		16		0		2		0
25		29		16		1		2		0
26		13		17		1		5		0
27		28		17		0		2		0
28		26		17		2		2		0
29		14		18		2		5		0
30		28		18		1		2		0
31		30		18		0		2		0
32		15		19		2		5		0
33		30		19		0		2		0
34		29		19		1		2		0
35		16		20		0		5		0
36		17		20		2		5		0
37		27		20		1		2		0
38		18		21		2		5		0
39		19		21		1		5		0
40		30		21		0		2		0
41		20		22		1		5		0
42		21		22		0		5		0
43		29		22		2		2		0
44		22		23		0		5		0
45		23		23		1		5		0
46		28		23		2		2		0
47		24		24		1		5		0
48		25		24		2		5		0
49		30		24		0		2		0
