U_25medium_7.txt

VEHICLE     CAPACITY  LOCATIONS  CUSTOMER  OPTIONS  PRIORITIES  NUMTYPS
10		150		31		25		50		3		4

CUSTOMER  DEMAND
0	 13
1	 20
2	 16
3	 18
4	 15
5	 11
6	 19
7	 20
8	 18
9	 10
10	 15
11	 19
12	 14
13	 13
14	 12
15	 11
16	 11
17	 16
18	 12
19	 17
20	 14
21	 15
22	 10
23	 17
24	 15

LOCATION  XCOORD  YCOORD  CAP  READY  DUE  TYP  SERVICETIME
0		30		28		-1		0		720	 0		0
1		23		25		-1		158		278		 2		6
2		10		11		-1		261		381		 2		6
3		41		24		-1		202		322		 2		6
4		42		16		-1		508		628		 2		6
5		28		35		-1		529		649		 2		6
6		11		7		-1		182		302		 2		6
7		32		39		-1		56		176		 2		6
8		9		24		-1		570		690		 2		6
9		31		7		-1		22		142		 2		6
10		7		8		-1		303		423		 2		6
11		40		17		-1		110		230		 2		6
12		15		30		-1		49		169		 2		6
13		13		18		-1		362		482		 2		6
14		33		13		-1		597		717		 2		6
15		30		18		-1		38		158		 2		6
16		21		39		-1		427		547		 2		6
17		41		21		-1		10		130		 2		6
18		29		19		-1		28		148		 2		6
19		41		6		-1		186		306		 2		6
20		49		31		-1		75		195		 2		6
21		10		24		-1		525		645		 2		6
22		34		29		-1		195		315		 2		6
23		14		11		-1		381		501		 2		6
24		24		22		-1		246		366		 2		6
25		25		11		-1		454		574		 2		6
26		26		37		3		103		583		 1		4
27		25		38		4		17		497		 1		4
28		6		18		4		76		556		 1		4
29		25		34		5		63		543		 1		4
30		7		34		3		33		513		 1		4
OPTION  LOCATION  CUSTOMER  PRIO  SERVICETIME   COST
0		30		0		0		2		0
1		28		1		0		2		0
2		27		2		0		2		0
3		29		3		0		2		0
4		28		4		0		2		0
5		1		5		0		5		0
6		2		6		0		5		0
7		3		7		0		5		0
8		4		8		0		5		0
9		5		9		0		5		0
10		6		10		1		5		0
11		29		10		0		2		0
12		7		11		0		5		0
13		28		11		1		2		0
14		8		12		1		5		0
15		29		12		0		2		0
16		9		13		0		5		0
17		27		13		1		2		0
18		10		14		0		5		0
19		26		14		1		2		0
20		11		15		0		5		0
21		30		15		2		2		0
22		28		15		1		2		0
23		12		16		1		5		0
24		29		16		2		2		0
25		26		16		0		2		0
26		13		17		0		5		0
27		26		17		2		2		0
28		27		17		1		2		0
29		14		18		1		5		0
30		26		18		2		2		0
31		28		18		0		2		0
32		15		19		2		5		0
33		30		19		0		2		0
34		28		19		1		2		0
35		16		20		2		5		0
36		17		20		1		5		0
37		29		20		0		2		0
38		18		21		1		5		0
39		19		21		2		5		0
40		29		21		0		2		0
41		20		22		2		5		0
42		21		22		0		5		0
43		30		22		1		2		0
44		22		23		0		5		0
45		23		23		2		5		0
46		27		23		1		2		0
47		24		24		2		5		0
48		25		24		0		5		0
49		26		24		1		2		0
