U_25_3.txt

VEHICLE     CAPACITY  LOCATIONS  CUSTOMER  OPTIONS  PRIORITIES  NUMTYPS
10		150		31		25		50		3		4

CUSTOMER  DEMAND
0	 11
1	 16
2	 16
3	 15
4	 13
5	 15
6	 13
7	 16
8	 15
9	 12
10	 13
11	 12
12	 18
13	 18
14	 15
15	 19
16	 19
17	 11
18	 12
19	 14
20	 17
21	 11
22	 15
23	 20
24	 14

LOCATION  XCOORD  YCOORD  CAP  READY  DUE  TYP  SERVICETIME
0		41		46		-1		0		720	 0		0
1		38		12		-1		480		720		 2		6
2		15		27		-1		455		695		 2		6
3		26		21		-1		360		720		 2		6
4		48		31		-1		52		292		 2		6
5		3		35		-1		369		489		 2		6
6		12		32		-1		220		460		 2		6
7		36		35		-1		37		157		 2		6
8		18		40		-1		190		310		 2		6
9		27		42		-1		204		324		 2		6
10		33		45		-1		0		360		 2		6
11		10		7		-1		21		141		 2		6
12		25		33		-1		0		360		 2		6
13		13		41		-1		600		720		 2		6
14		4		20		-1		360		720		 2		6
15		33		43		-1		52		172		 2		6
16		20		37		-1		153		273		 2		6
17		33		27		-1		451		571		 2		6
18		16		21		-1		360		720		 2		6
19		49		34		-1		117		357		 2		6
20		50		34		-1		410		650		 2		6
21		2		11		-1		523		643		 2		6
22		24		32		-1		360		720		 2		6
23		10		9		-1		360		720		 2		6
24		13		39		-1		360		720		 2		6
25		41		22		-1		224		344		 2		6
26		29		18		4		99		579		 1		4
27		25		37		4		46		526		 1		4
28		5		26		3		0		720		 1		4
29		24		21		4		226		706		 1		4
30		42		34		4		0		720		 1		4
OPTION  LOCATION  CUSTOMER  PRIO  SERVICETIME   COST
0		28		0		0		2		0
1		28		1		0		2		0
2		27		2		0		2		0
3		26		3		0		2		0
4		30		4		0		2		0
5		1		5		0		5		0
6		2		6		0		5		0
7		3		7		0		5		0
8		4		8		0		5		0
9		5		9		0		5		0
10		6		10		1		5		0
11		28		10		0		2		0
12		7		11		1		5		0
13		27		11		0		2		0
14		8		12		0		5		0
15		26		12		1		2		0
16		9		13		1		5		0
17		29		13		0		2		0
18		10		14		0		5		0
19		26		14		1		2		0
20		11		15		0		5		0
21		27		15		2		2		0
22		26		15		1		2		0
23		12		16		0		5		0
24		28		16		2		2		0
25		26		16		1		2		0
26		13		17		0		5		0
27		29		17		1		2		0
28		30		17		2		2		0
29		14		18		1		5		0
30		30		18		2		2		0
31		29		18		0		2		0
32		15		19		2		5		0
33		29		19		1		2		0
34		30		19		0		2		0
35		16		20		1		5		0
36		17		20		2		5		0
37		26		20		0		2		0
38		18		21		0		5		0
39		19		21		2		5		0
40		28		21		1		2		0
41		20		22		2		5		0
42		21		22		1		5		0
43		29		22		0		2		0
44		22		23		1		5		0
45		23		23		2		5		0
46		30		23		0		2		0
47		24		24		2		5		0
48		25		24		0		5		0
49		29		24		1		2		0
