U_25medium_5.txt

VEHICLE     CAPACITY  LOCATIONS  CUSTOMER  OPTIONS  PRIORITIES  NUMTYPS
10		150		31		25		50		3		4

CUSTOMER  DEMAND
0	 18
1	 12
2	 20
3	 13
4	 14
5	 12
6	 14
7	 12
8	 13
9	 16
10	 10
11	 12
12	 15
13	 16
14	 17
15	 18
16	 15
17	 16
18	 12
19	 12
20	 13
21	 19
22	 20
23	 11
24	 11

LOCATION  XCOORD  YCOORD  CAP  READY  DUE  TYP  SERVICETIME
0		6		13		-1		0		720	 0		0
1		16		19		-1		412		532		 2		6
2		21		46		-1		366		486		 2		6
3		4		17		-1		513		633		 2		6
4		27		12		-1		54		174		 2		6
5		11		31		-1		326		446		 2		6
6		17		26		-1		296		416		 2		6
7		23		45		-1		264		384		 2		6
8		13		19		-1		159		279		 2		6
9		33		33		-1		273		393		 2		6
10		22		43		-1		349		469		 2		6
11		47		49		-1		348		468		 2		6
12		36		8		-1		107		227		 2		6
13		7		1		-1		302		422		 2		6
14		46		2		-1		53		173		 2		6
15		12		47		-1		59		179		 2		6
16		17		45		-1		581		701		 2		6
17		35		10		-1		281		401		 2		6
18		38		14		-1		400		520		 2		6
19		10		18		-1		470		590		 2		6
20		49		14		-1		435		555		 2		6
21		25		3		-1		501		621		 2		6
22		47		26		-1		80		200		 2		6
23		43		15		-1		308		428		 2		6
24		11		22		-1		323		443		 2		6
25		41		13		-1		250		370		 2		6
26		33		44		3		168		648		 1		4
27		17		40		3		115		595		 1		4
28		10		8		3		210		690		 1		4
29		31		13		3		4		484		 1		4
30		39		25		4		69		549		 1		4
OPTION  LOCATION  CUSTOMER  PRIO  SERVICETIME   COST
0		28		0		0		2		0
1		27		1		0		2		0
2		30		2		0		2		0
3		28		3		0		2		0
4		27		4		0		2		0
5		1		5		0		5		0
6		2		6		0		5		0
7		3		7		0		5		0
8		4		8		0		5		0
9		5		9		0		5		0
10		6		10		1		5		0
11		26		10		0		2		0
12		7		11		1		5		0
13		30		11		0		2		0
14		8		12		0		5		0
15		27		12		1		2		0
16		9		13		0		5		0
17		26		13		1		2		0
18		10		14		0		5		0
19		29		14		1		2		0
20		11		15		1		5		0
21		28		15		2		2		0
22		30		15		0		2		0
23		12		16		0		5		0
24		27		16		2		2		0
25		28		16		1		2		0
26		13		17		2		5		0
27		29		17		1		2		0
28		27		17		0		2		0
29		14		18		0		5		0
30		28		18		1		2		0
31		26		18		2		2		0
32		15		19		0		5		0
33		27		19		2		2		0
34		28		19		1		2		0
35		16		20		0		5		0
36		17		20		1		5		0
37		26		20		2		2		0
38		18		21		2		5		0
39		19		21		0		5		0
40		27		21		1		2		0
41		20		22		1		5		0
42		21		22		2		5		0
43		26		22		0		2		0
44		22		23		1		5		0
45		23		23		2		5		0
46		29		23		0		2		0
47		24		24		0		5		0
48		25		24		1		5		0
49		27		24		2		2		0
