U_25_7.txt

VEHICLE     CAPACITY  LOCATIONS  CUSTOMER  OPTIONS  PRIORITIES  NUMTYPS
10		150		31		25		50		3		4

CUSTOMER  DEMAND
0	 12
1	 11
2	 14
3	 20
4	 10
5	 20
6	 14
7	 16
8	 14
9	 12
10	 15
11	 14
12	 14
13	 17
14	 12
15	 20
16	 17
17	 19
18	 16
19	 16
20	 11
21	 18
22	 17
23	 18
24	 14

LOCATION  XCOORD  YCOORD  CAP  READY  DUE  TYP  SERVICETIME
0		22		11		-1		0		720	 0		0
1		26		4		-1		360		720		 2		6
2		31		50		-1		266		506		 2		6
3		28		1		-1		0		360		 2		6
4		22		11		-1		360		720		 2		6
5		36		8		-1		360		720		 2		6
6		29		7		-1		517		637		 2		6
7		36		47		-1		372		492		 2		6
8		35		40		-1		0		360		 2		6
9		13		12		-1		0		360		 2		6
10		44		21		-1		166		286		 2		6
11		1		20		-1		264		504		 2		6
12		17		46		-1		274		514		 2		6
13		21		15		-1		225		345		 2		6
14		41		29		-1		360		720		 2		6
15		48		19		-1		360		720		 2		6
16		9		47		-1		360		720		 2		6
17		5		3		-1		286		526		 2		6
18		31		48		-1		55		175		 2		6
19		5		20		-1		379		619		 2		6
20		13		35		-1		0		360		 2		6
21		34		50		-1		561		681		 2		6
22		15		9		-1		559		679		 2		6
23		25		30		-1		470		590		 2		6
24		33		32		-1		0		360		 2		6
25		44		10		-1		148		388		 2		6
26		11		29		2		0		720		 1		4
27		14		39		2		0		720		 1		4
28		39		12		4		205		685		 1		4
29		13		42		3		0		720		 1		4
30		33		42		3		0		720		 1		4
OPTION  LOCATION  CUSTOMER  PRIO  SERVICETIME   COST
0		30		0		0		2		0
1		27		1		0		2		0
2		26		2		0		2		0
3		26		3		0		2		0
4		30		4		0		2		0
5		1		5		0		5		0
6		2		6		0		5		0
7		3		7		0		5		0
8		4		8		0		5		0
9		5		9		0		5		0
10		6		10		0		5		0
11		29		10		1		2		0
12		7		11		1		5		0
13		27		11		0		2		0
14		8		12		0		5		0
15		26		12		1		2		0
16		9		13		1		5		0
17		27		13		0		2		0
18		10		14		0		5		0
19		29		14		1		2		0
20		11		15		0		5		0
21		29		15		2		2		0
22		26		15		1		2		0
23		12		16		0		5		0
24		30		16		1		2		0
25		26		16		2		2		0
26		13		17		1		5		0
27		30		17		0		2		0
28		29		17		2		2		0
29		14		18		2		5		0
30		26		18		1		2		0
31		28		18		0		2		0
32		15		19		2		5		0
33		29		19		1		2		0
34		30		19		0		2		0
35		16		20		0		5		0
36		17		20		1		5		0
37		28		20		2		2		0
38		18		21		0		5		0
39		19		21		1		5		0
40		28		21		2		2		0
41		20		22		2		5		0
42		21		22		0		5		0
43		30		22		1		2		0
44		22		23		0		5		0
45		23		23		1		5		0
46		28		23		2		2		0
47		24		24		0		5		0
48		25		24		2		5		0
49		26		24		1		2		0
