U_25medium_2.txt

VEHICLE     CAPACITY  LOCATIONS  CUSTOMER  OPTIONS  PRIORITIES  NUMTYPS
10		150		31		25		50		3		4

CUSTOMER  DEMAND
0	 19
1	 17
2	 10
3	 19
4	 10
5	 19
6	 16
7	 10
8	 16
9	 13
10	 20
11	 10
12	 10
13	 18
14	 18
15	 19
16	 16
17	 15
18	 20
19	 10
20	 20
21	 11
22	 15
23	 18
24	 14

LOCATION  XCOORD  YCOORD  CAP  READY  DUE  TYP  SERVICETIME
0		32		27		-1		0		720	 0		0
1		15		8		-1		537		657		 2		6
2		43		3		-1		142		262		 2		6
3		19		36		-1		329		449		 2		6
4		35		3		-1		506		626		 2		6
5		37		49		-1		72		192		 2		6
6		41		4		-1		160		280		 2		6
7		36		36		-1		337		457		 2		6
8		2		5		-1		586		706		 2		6
9		8		34		-1		285		405		 2		6
10		43		40		-1		272		392		 2		6
11		35		8		-1		282		402		 2		6
12		10		27		-1		97		217		 2		6
13		45		18		-1		508		628		 2		6
14		14		1		-1		315		435		 2		6
15		1		8		-1		28		148		 2		6
16		22		43		-1		25		145		 2		6
17		38		25		-1		41		161		 2		6
18		46		33		-1		45		165		 2		6
19		48		7		-1		408		528		 2		6
20		35		17		-1		538		658		 2		6
21		18		2		-1		520		640		 2		6
22		15		34		-1		315		435		 2		6
23		42		30		-1		560		680		 2		6
24		35		49		-1		19		139		 2		6
25		26		12		-1		385		505		 2		6
26		31		20		3		5		485		 1		4
27		5		45		4		187		667		 1		4
28		41		9		3		158		638		 1		4
29		12		26		4		1		481		 1		4
30		17		22		3		37		517		 1		4
OPTION  LOCATION  CUSTOMER  PRIO  SERVICETIME   COST
0		30		0		0		2		0
1		26		1		0		2		0
2		29		2		0		2		0
3		28		3		0		2		0
4		28		4		0		2		0
5		1		5		0		5		0
6		2		6		0		5		0
7		3		7		0		5		0
8		4		8		0		5		0
9		5		9		0		5		0
10		6		10		0		5		0
11		30		10		1		2		0
12		7		11		0		5		0
13		29		11		1		2		0
14		8		12		1		5		0
15		26		12		0		2		0
16		9		13		1		5		0
17		27		13		0		2		0
18		10		14		1		5		0
19		29		14		0		2		0
20		11		15		2		5		0
21		26		15		0		2		0
22		28		15		1		2		0
23		12		16		0		5		0
24		26		16		1		2		0
25		27		16		2		2		0
26		13		17		2		5		0
27		26		17		0		2		0
28		30		17		1		2		0
29		14		18		0		5		0
30		26		18		2		2		0
31		28		18		1		2		0
32		15		19		2		5		0
33		27		19		0		2		0
34		30		19		1		2		0
35		16		20		0		5		0
36		17		20		1		5		0
37		26		20		2		2		0
38		18		21		2		5		0
39		19		21		0		5		0
40		30		21		1		2		0
41		20		22		1		5		0
42		21		22		2		5		0
43		28		22		0		2		0
44		22		23		1		5		0
45		23		23		2		5		0
46		27		23		0		2		0
47		24		24		2		5		0
48		25		24		1		5		0
49		30		24		0		2		0
