U_25_10.txt

VEHICLE     CAPACITY  LOCATIONS  CUSTOMER  OPTIONS  PRIORITIES  NUMTYPS
10		150		31		25		50		3		4

CUSTOMER  DEMAND
0	 12
1	 18
2	 11
3	 14
4	 13
5	 16
6	 14
7	 13
8	 12
9	 10
10	 17
11	 15
12	 17
13	 10
14	 13
15	 13
16	 19
17	 16
18	 20
19	 18
20	 17
21	 13
22	 18
23	 18
24	 17

LOCATION  XCOORD  YCOORD  CAP  READY  DUE  TYP  SERVICETIME
0		8		2		-1		0		720	 0		0
1		3		26		-1		52		172		 2		6
2		10		40		-1		16		136		 2		6
3		30		45		-1		32		272		 2		6
4		3		35		-1		391		511		 2		6
5		15		46		-1		0		360		 2		6
6		18		30		-1		1		121		 2		6
7		36		38		-1		149		389		 2		6
8		17		5		-1		37		277		 2		6
9		19		36		-1		477		597		 2		6
10		11		11		-1		0		360		 2		6
11		2		18		-1		0		360		 2		6
12		8		46		-1		53		173		 2		6
13		28		47		-1		228		348		 2		6
14		20		25		-1		360		720		 2		6
15		30		5		-1		163		283		 2		6
16		40		18		-1		594		714		 2		6
17		29		34		-1		57		177		 2		6
18		27		39		-1		10		130		 2		6
19		24		4		-1		0		360		 2		6
20		12		49		-1		415		655		 2		6
21		10		22		-1		312		552		 2		6
22		4		8		-1		286		526		 2		6
23		6		19		-1		360		720		 2		6
24		17		24		-1		0		360		 2		6
25		36		3		-1		224		344		 2		6
26		43		10		4		220		700		 1		4
27		10		6		4		99		579		 1		4
28		41		14		3		0		720		 1		4
29		34		32		4		29		509		 1		4
30		5		42		2		0		720		 1		4
OPTION  LOCATION  CUSTOMER  PRIO  SERVICETIME   COST
0		26		0		0		2		0
1		27		1		0		2		0
2		29		2		0		2		0
3		27		3		0		2		0
4		30		4		0		2		0
5		1		5		0		5		0
6		2		6		0		5		0
7		3		7		0		5		0
8		4		8		0		5		0
9		5		9		0		5		0
10		6		10		0		5		0
11		30		10		1		2		0
12		7		11		0		5		0
13		29		11		1		2		0
14		8		12		1		5		0
15		28		12		0		2		0
16		9		13		1		5		0
17		26		13		0		2		0
18		10		14		0		5		0
19		30		14		1		2		0
20		11		15		0		5		0
21		30		15		1		2		0
22		26		15		2		2		0
23		12		16		0		5		0
24		27		16		2		2		0
25		29		16		1		2		0
26		13		17		0		5		0
27		29		17		1		2		0
28		28		17		2		2		0
29		14		18		1		5		0
30		27		18		2		2		0
31		29		18		0		2		0
32		15		19		0		5		0
33		30		19		1		2		0
34		26		19		2		2		0
35		16		20		2		5		0
36		17		20		0		5		0
37		26		20		1		2		0
38		18		21		2		5		0
39		19		21		0		5		0
40		30		21		1		2		0
41		20		22		0		5		0
42		21		22		1		5		0
43		29		22		2		2		0
44		22		23		1		5		0
45		23		23		2		5		0
46		28		23		0		2		0
47		24		24		2		5		0
48		25		24		0		5		0
49		30		24		1		2		0
