U_50_5.txt

VEHICLE     CAPACITY  LOCATIONS  CUSTOMER  OPTIONS  PRIORITIES  NUMTYPS
10		150		61		50		100		3		4

CUSTOMER  DEMAND
0	 17
1	 12
2	 14
3	 12
4	 18
5	 14
6	 11
7	 10
8	 18
9	 17
10	 19
11	 14
12	 18
13	 15
14	 10
15	 15
16	 15
17	 12
18	 10
19	 19
20	 13
21	 18
22	 16
23	 17
24	 18
25	 13
26	 16
27	 13
28	 16
29	 16
30	 15
31	 18
32	 16
33	 19
34	 15
35	 13
36	 19
37	 11
38	 11
39	 14
40	 15
41	 11
42	 15
43	 18
44	 20
45	 10
46	 15
47	 19
48	 14
49	 18

LOCATION  XCOORD  YCOORD  CAP  READY  DUE  TYP  SERVICETIME
0		50		29		-1		0		720	 0		0
1		10		16		-1		360		720		 2		6
2		46		31		-1		531		651		 2		6
3		26		28		-1		226		346		 2		6
4		14		11		-1		580		700		 2		6
5		49		27		-1		227		347		 2		6
6		34		42		-1		0		360		 2		6
7		16		15		-1		360		720		 2		6
8		12		12		-1		354		594		 2		6
9		50		32		-1		12		132		 2		6
10		23		42		-1		0		360		 2		6
11		33		40		-1		0		360		 2		6
12		45		31		-1		123		243		 2		6
13		40		15		-1		118		238		 2		6
14		34		25		-1		0		360		 2		6
15		31		25		-1		142		262		 2		6
16		19		6		-1		0		360		 2		6
17		3		4		-1		0		360		 2		6
18		49		46		-1		157		277		 2		6
19		21		43		-1		457		577		 2		6
20		23		40		-1		360		720		 2		6
21		43		29		-1		371		491		 2		6
22		17		18		-1		581		701		 2		6
23		22		49		-1		197		317		 2		6
24		24		1		-1		587		707		 2		6
25		20		2		-1		273		513		 2		6
26		12		18		-1		360		720		 2		6
27		21		38		-1		360		720		 2		6
28		43		38		-1		372		612		 2		6
29		39		38		-1		74		194		 2		6
30		23		34		-1		360		720		 2		6
31		29		33		-1		208		328		 2		6
32		1		5		-1		535		655		 2		6
33		29		30		-1		0		360		 2		6
34		33		18		-1		313		553		 2		6
35		25		2		-1		381		501		 2		6
36		26		18		-1		518		638		 2		6
37		41		8		-1		0		360		 2		6
38		14		6		-1		175		295		 2		6
39		39		15		-1		85		205		 2		6
40		8		20		-1		518		638		 2		6
41		30		43		-1		360		720		 2		6
42		36		34		-1		243		483		 2		6
43		8		15		-1		304		544		 2		6
44		25		40		-1		66		186		 2		6
45		48		39		-1		0		360		 2		6
46		25		41		-1		510		630		 2		6
47		24		2		-1		172		292		 2		6
48		3		27		-1		169		409		 2		6
49		21		26		-1		0		360		 2		6
50		3		4		-1		532		652		 2		6
51		11		18		5		206		686		 1		4
52		37		23		3		0		720		 1		4
53		34		10		5		150		630		 1		4
54		21		16		5		155		635		 1		4
55		24		31		5		85		565		 1		4
56		38		28		5		0		720		 1		4
57		18		37		3		0		720		 1		4
58		10		6		5		52		532		 1		4
59		12		37		5		140		620		 1		4
60		41		42		5		165		645		 1		4
OPTION  LOCATION  CUSTOMER  PRIO  SERVICETIME   COST
0		57		0		0		2		0
1		52		1		0		2		0
2		53		2		0		2		0
3		60		3		0		2		0
4		54		4		0		2		0
5		54		5		0		2		0
6		56		6		0		2		0
7		51		7		0		2		0
8		51		8		0		2		0
9		58		9		0		2		0
10		1		10		0		5		0
11		2		11		0		5		0
12		3		12		0		5		0
13		4		13		0		5		0
14		5		14		0		5		0
15		6		15		0		5		0
16		7		16		0		5		0
17		8		17		0		5		0
18		9		18		0		5		0
19		10		19		0		5		0
20		11		20		0		5		0
21		52		20		1		2		0
22		12		21		0		5		0
23		60		21		1		2		0
24		13		22		0		5		0
25		54		22		1		2		0
26		14		23		0		5		0
27		54		23		1		2		0
28		15		24		1		5		0
29		52		24		0		2		0
30		16		25		1		5		0
31		56		25		0		2		0
32		17		26		0		5		0
33		54		26		1		2		0
34		18		27		0		5		0
35		56		27		1		2		0
36		19		28		1		5		0
37		55		28		0		2		0
38		20		29		0		5		0
39		60		29		1		2		0
40		21		30		0		5		0
41		53		30		1		2		0
42		52		30		2		2		0
43		22		31		2		5		0
44		53		31		1		2		0
45		60		31		0		2		0
46		23		32		0		5		0
47		56		32		1		2		0
48		57		32		2		2		0
49		24		33		2		5		0
50		58		33		0		2		0
51		54		33		1		2		0
52		25		34		0		5		0
53		58		34		2		2		0
54		51		34		1		2		0
55		26		35		0		5		0
56		52		35		1		2		0
57		60		35		2		2		0
58		27		36		0		5		0
59		55		36		1		2		0
60		59		36		2		2		0
61		28		37		2		5		0
62		55		37		0		2		0
63		57		37		1		2		0
64		29		38		1		5		0
65		60		38		2		2		0
66		55		38		0		2		0
67		30		39		1		5		0
68		56		39		2		2		0
69		53		39		0		2		0
70		31		40		0		5		0
71		32		40		2		5		0
72		59		40		1		2		0
73		33		41		0		5		0
74		34		41		2		5		0
75		60		41		1		2		0
76		35		42		2		5		0
77		36		42		0		5		0
78		51		42		1		2		0
79		37		43		1		5		0
80		38		43		0		5		0
81		53		43		2		2		0
82		39		44		1		5		0
83		40		44		0		5		0
84		52		44		2		2		0
85		41		45		0		5		0
86		42		45		2		5		0
87		51		45		1		2		0
88		43		46		2		5		0
89		44		46		0		5		0
90		58		46		1		2		0
91		45		47		0		5		0
92		46		47		2		5		0
93		57		47		1		2		0
94		47		48		0		5		0
95		48		48		2		5		0
96		60		48		1		2		0
97		49		49		0		5		0
98		50		49		1		5		0
99		53		49		2		2		0
