U_50small_2.txt

VEHICLE     CAPACITY  LOCATIONS  CUSTOMER  OPTIONS  PRIORITIES  NUMTYPS
10		150		61		50		100		3		4

CUSTOMER  DEMAND
0	 10
1	 19
2	 12
3	 19
4	 20
5	 12
6	 16
7	 13
8	 17
9	 12
10	 17
11	 10
12	 19
13	 19
14	 16
15	 14
16	 17
17	 17
18	 18
19	 16
20	 13
21	 20
22	 13
23	 15
24	 12
25	 19
26	 12
27	 17
28	 19
29	 17
30	 17
31	 10
32	 14
33	 14
34	 14
35	 17
36	 19
37	 18
38	 15
39	 13
40	 12
41	 18
42	 13
43	 19
44	 11
45	 13
46	 14
47	 10
48	 11
49	 15

LOCATION  XCOORD  YCOORD  CAP  READY  DUE  TYP  SERVICETIME
0		13		8		-1		0		720	 0		0
1		29		19		-1		517		577		 2		6
2		4		22		-1		538		598		 2		6
3		25		15		-1		269		329		 2		6
4		41		41		-1		257		317		 2		6
5		46		44		-1		524		584		 2		6
6		48		38		-1		198		258		 2		6
7		50		36		-1		392		452		 2		6
8		13		21		-1		71		131		 2		6
9		21		48		-1		505		565		 2		6
10		10		21		-1		281		341		 2		6
11		8		28		-1		204		264		 2		6
12		45		10		-1		80		140		 2		6
13		26		26		-1		596		656		 2		6
14		47		50		-1		171		231		 2		6
15		18		29		-1		155		215		 2		6
16		3		24		-1		77		137		 2		6
17		47		22		-1		186		246		 2		6
18		48		4		-1		501		561		 2		6
19		5		1		-1		86		146		 2		6
20		45		44		-1		249		309		 2		6
21		15		50		-1		281		341		 2		6
22		23		42		-1		401		461		 2		6
23		1		18		-1		455		515		 2		6
24		38		25		-1		457		517		 2		6
25		18		28		-1		315		375		 2		6
26		32		10		-1		451		511		 2		6
27		49		20		-1		566		626		 2		6
28		44		16		-1		64		124		 2		6
29		6		9		-1		129		189		 2		6
30		42		3		-1		409		469		 2		6
31		4		9		-1		556		616		 2		6
32		8		23		-1		221		281		 2		6
33		45		41		-1		104		164		 2		6
34		29		44		-1		533		593		 2		6
35		6		27		-1		399		459		 2		6
36		19		33		-1		40		100		 2		6
37		33		47		-1		571		631		 2		6
38		13		42		-1		204		264		 2		6
39		14		7		-1		122		182		 2		6
40		13		50		-1		366		426		 2		6
41		36		11		-1		174		234		 2		6
42		6		45		-1		462		522		 2		6
43		29		41		-1		638		698		 2		6
44		4		50		-1		134		194		 2		6
45		2		3		-1		366		426		 2		6
46		30		3		-1		47		107		 2		6
47		40		49		-1		45		105		 2		6
48		46		42		-1		358		418		 2		6
49		45		44		-1		618		678		 2		6
50		37		14		-1		512		572		 2		6
51		34		7		3		403		643		 1		4
52		28		33		3		371		611		 1		4
53		45		45		4		160		400		 1		4
54		14		32		5		432		672		 1		4
55		22		17		4		183		423		 1		4
56		13		22		3		463		703		 1		4
57		37		31		3		175		415		 1		4
58		26		12		4		439		679		 1		4
59		38		44		4		357		597		 1		4
60		43		19		4		72		312		 1		4
OPTION  LOCATION  CUSTOMER  PRIO  SERVICETIME   COST
0		52		0		0		2		0
1		58		1		0		2		0
2		57		2		0		2		0
3		54		3		0		2		0
4		58		4		0		2		0
5		57		5		0		2		0
6		60		6		0		2		0
7		57		7		0		2		0
8		58		8		0		2		0
9		53		9		0		2		0
10		1		10		0		5		0
11		2		11		0		5		0
12		3		12		0		5		0
13		4		13		0		5		0
14		5		14		0		5		0
15		6		15		0		5		0
16		7		16		0		5		0
17		8		17		0		5		0
18		9		18		0		5		0
19		10		19		0		5		0
20		11		20		0		5		0
21		52		20		1		2		0
22		12		21		0		5		0
23		51		21		1		2		0
24		13		22		1		5		0
25		53		22		0		2		0
26		14		23		1		5		0
27		57		23		0		2		0
28		15		24		1		5		0
29		58		24		0		2		0
30		16		25		1		5		0
31		52		25		0		2		0
32		17		26		0		5		0
33		51		26		1		2		0
34		18		27		0		5		0
35		56		27		1		2		0
36		19		28		0		5		0
37		58		28		1		2		0
38		20		29		0		5		0
39		57		29		1		2		0
40		21		30		1		5		0
41		52		30		2		2		0
42		55		30		0		2		0
43		22		31		0		5		0
44		56		31		1		2		0
45		55		31		2		2		0
46		23		32		0		5		0
47		52		32		2		2		0
48		59		32		1		2		0
49		24		33		2		5		0
50		52		33		1		2		0
51		58		33		0		2		0
52		25		34		0		5		0
53		55		34		2		2		0
54		58		34		1		2		0
55		26		35		1		5		0
56		55		35		0		2		0
57		54		35		2		2		0
58		27		36		1		5		0
59		51		36		2		2		0
60		53		36		0		2		0
61		28		37		2		5		0
62		51		37		1		2		0
63		56		37		0		2		0
64		29		38		2		5		0
65		54		38		1		2		0
66		51		38		0		2		0
67		30		39		1		5		0
68		55		39		0		2		0
69		58		39		2		2		0
70		31		40		0		5		0
71		32		40		1		5		0
72		54		40		2		2		0
73		33		41		2		5		0
74		34		41		1		5		0
75		54		41		0		2		0
76		35		42		1		5		0
77		36		42		0		5		0
78		51		42		2		2		0
79		37		43		0		5		0
80		38		43		2		5		0
81		51		43		1		2		0
82		39		44		2		5		0
83		40		44		1		5		0
84		58		44		0		2		0
85		41		45		1		5		0
86		42		45		2		5		0
87		54		45		0		2		0
88		43		46		0		5		0
89		44		46		2		5		0
90		57		46		1		2		0
91		45		47		2		5		0
92		46		47		1		5		0
93		55		47		0		2		0
94		47		48		2		5		0
95		48		48		1		5		0
96		55		48		0		2		0
97		49		49		0		5		0
98		50		49		1		5		0
99		59		49		2		2		0
