U_50small_5.txt

VEHICLE     CAPACITY  LOCATIONS  CUSTOMER  OPTIONS  PRIORITIES  NUMTYPS
10		150		61		50		100		3		4

CUSTOMER  DEMAND
0	 12
1	 10
2	 20
3	 20
4	 19
5	 17
6	 16
7	 16
8	 20
9	 14
10	 19
11	 20
12	 10
13	 11
14	 13
15	 17
16	 18
17	 19
18	 17
19	 11
20	 11
21	 19
22	 13
23	 10
24	 16
25	 19
26	 10
27	 12
28	 15
29	 11
30	 14
31	 19
32	 10
33	 12
34	 12
35	 18
36	 19
37	 15
38	 12
39	 12
40	 13
41	 20
42	 20
43	 13
44	 14
45	 11
46	 10
47	 20
48	 12
49	 11

LOCATION  XCOORD  YCOORD  CAP  READY  DUE  TYP  SERVICETIME
0		14		28		-1		0		720	 0		0
1		35		2		-1		277		337		 2		6
2		18		49		-1		477		537		 2		6
3		39		4		-1		551		611		 2		6
4		5		20		-1		476		536		 2		6
5		2		48		-1		53		113		 2		6
6		35		35		-1		153		213		 2		6
7		32		41		-1		439		499		 2		6
8		27		31		-1		566		626		 2		6
9		11		14		-1		431		491		 2		6
10		10		46		-1		262		322		 2		6
11		22		23		-1		227		287		 2		6
12		17		24		-1		257		317		 2		6
13		10		13		-1		489		549		 2		6
14		9		43		-1		42		102		 2		6
15		31		28		-1		204		264		 2		6
16		21		36		-1		392		452		 2		6
17		48		39		-1		224		284		 2		6
18		3		11		-1		142		202		 2		6
19		42		12		-1		476		536		 2		6
20		3		44		-1		415		475		 2		6
21		26		26		-1		243		303		 2		6
22		33		13		-1		264		324		 2		6
23		5		24		-1		449		509		 2		6
24		32		50		-1		97		157		 2		6
25		13		44		-1		349		409		 2		6
26		31		17		-1		302		362		 2		6
27		1		50		-1		378		438		 2		6
28		30		16		-1		214		274		 2		6
29		43		46		-1		101		161		 2		6
30		33		5		-1		91		151		 2		6
31		14		36		-1		403		463		 2		6
32		6		10		-1		501		561		 2		6
33		39		38		-1		55		115		 2		6
34		34		5		-1		201		261		 2		6
35		28		49		-1		162		222		 2		6
36		37		37		-1		613		673		 2		6
37		17		46		-1		103		163		 2		6
38		3		48		-1		523		583		 2		6
39		18		41		-1		614		674		 2		6
40		12		24		-1		341		401		 2		6
41		31		18		-1		304		364		 2		6
42		50		27		-1		480		540		 2		6
43		28		15		-1		444		504		 2		6
44		40		44		-1		279		339		 2		6
45		6		6		-1		574		634		 2		6
46		26		32		-1		369		429		 2		6
47		48		3		-1		655		715		 2		6
48		45		10		-1		411		471		 2		6
49		25		47		-1		207		267		 2		6
50		31		29		-1		328		388		 2		6
51		13		24		3		43		283		 1		4
52		37		33		4		80		320		 1		4
53		9		33		3		48		288		 1		4
54		44		16		3		444		684		 1		4
55		39		19		4		139		379		 1		4
56		26		18		5		314		554		 1		4
57		17		10		3		122		362		 1		4
58		12		39		3		262		502		 1		4
59		12		44		5		327		567		 1		4
60		22		38		4		84		324		 1		4
OPTION  LOCATION  CUSTOMER  PRIO  SERVICETIME   COST
0		57		0		0		2		0
1		55		1		0		2		0
2		55		2		0		2		0
3		56		3		0		2		0
4		56		4		0		2		0
5		57		5		0		2		0
6		53		6		0		2		0
7		53		7		0		2		0
8		54		8		0		2		0
9		54		9		0		2		0
10		1		10		0		5		0
11		2		11		0		5		0
12		3		12		0		5		0
13		4		13		0		5		0
14		5		14		0		5		0
15		6		15		0		5		0
16		7		16		0		5		0
17		8		17		0		5		0
18		9		18		0		5		0
19		10		19		0		5		0
20		11		20		0		5		0
21		51		20		1		2		0
22		12		21		0		5		0
23		56		21		1		2		0
24		13		22		0		5		0
25		51		22		1		2		0
26		14		23		0		5		0
27		55		23		1		2		0
28		15		24		1		5		0
29		55		24		0		2		0
30		16		25		0		5		0
31		57		25		1		2		0
32		17		26		1		5		0
33		54		26		0		2		0
34		18		27		1		5		0
35		52		27		0		2		0
36		19		28		1		5		0
37		55		28		0		2		0
38		20		29		1		5		0
39		60		29		0		2		0
40		21		30		1		5		0
41		55		30		2		2		0
42		60		30		0		2		0
43		22		31		0		5		0
44		54		31		2		2		0
45		58		31		1		2		0
46		23		32		2		5		0
47		52		32		0		2		0
48		56		32		1		2		0
49		24		33		2		5		0
50		58		33		0		2		0
51		53		33		1		2		0
52		25		34		1		5		0
53		60		34		0		2		0
54		53		34		2		2		0
55		26		35		1		5		0
56		57		35		2		2		0
57		56		35		0		2		0
58		27		36		1		5		0
59		58		36		0		2		0
60		60		36		2		2		0
61		28		37		2		5		0
62		54		37		1		2		0
63		52		37		0		2		0
64		29		38		1		5		0
65		55		38		2		2		0
66		59		38		0		2		0
67		30		39		1		5		0
68		54		39		2		2		0
69		55		39		0		2		0
70		31		40		0		5		0
71		32		40		1		5		0
72		60		40		2		2		0
73		33		41		0		5		0
74		34		41		2		5		0
75		54		41		1		2		0
76		35		42		2		5		0
77		36		42		1		5		0
78		58		42		0		2		0
79		37		43		0		5		0
80		38		43		2		5		0
81		55		43		1		2		0
82		39		44		2		5		0
83		40		44		0		5		0
84		53		44		1		2		0
85		41		45		2		5		0
86		42		45		0		5		0
87		55		45		1		2		0
88		43		46		2		5		0
89		44		46		0		5		0
90		52		46		1		2		0
91		45		47		0		5		0
92		46		47		1		5		0
93		56		47		2		2		0
94		47		48		0		5		0
95		48		48		1		5		0
96		55		48		2		2		0
97		49		49		1		5		0
98		50		49		2		5		0
99		56		49		0		2		0
