UBC_50_6.txt

VEHICLE     CAPACITY  LOCATIONS  CUSTOMER  OPTIONS  PRIORITIES  NUMTYPS
10		400		53		50		100		3		4

CUSTOMER  DEMAND
0	 13
1	 12
2	 20
3	 10
4	 13
5	 20
6	 20
7	 18
8	 12
9	 16
10	 14
11	 12
12	 14
13	 16
14	 11
15	 20
16	 20
17	 18
18	 13
19	 18
20	 15
21	 13
22	 19
23	 19
24	 13
25	 18
26	 11
27	 16
28	 12
29	 20
30	 19
31	 20
32	 17
33	 16
34	 18
35	 11
36	 15
37	 17
38	 12
39	 20
40	 20
41	 11
42	 17
43	 10
44	 17
45	 10
46	 16
47	 20
48	 18
49	 14

LOCATION  XCOORD  YCOORD  CAP  READY  DUE  TYP  SERVICETIME
0		27		2		-1		0		720	 0		0
1		31		44		-1		97		217		 2		6
2		30		17		-1		0		360		 2		6
3		12		23		-1		0		360		 2		6
4		26		15		-1		429		549		 2		6
5		27		23		-1		21		261		 2		6
6		15		49		-1		220		340		 2		6
7		39		49		-1		369		489		 2		6
8		38		47		-1		0		360		 2		6
9		41		16		-1		123		243		 2		6
10		31		20		-1		0		360		 2		6
11		48		23		-1		384		504		 2		6
12		39		9		-1		597		717		 2		6
13		5		38		-1		0		360		 2		6
14		34		22		-1		360		720		 2		6
15		11		41		-1		50		170		 2		6
16		11		31		-1		0		360		 2		6
17		27		1		-1		0		360		 2		6
18		19		43		-1		443		563		 2		6
19		27		18		-1		517		637		 2		6
20		11		39		-1		0		360		 2		6
21		14		31		-1		539		659		 2		6
22		12		37		-1		360		720		 2		6
23		38		4		-1		412		532		 2		6
24		46		1		-1		360		720		 2		6
25		24		20		-1		20		140		 2		6
26		3		39		-1		0		360		 2		6
27		12		43		-1		235		475		 2		6
28		28		49		-1		0		360		 2		6
29		43		2		-1		583		703		 2		6
30		19		46		-1		434		674		 2		6
31		9		39		-1		411		531		 2		6
32		10		23		-1		211		451		 2		6
33		4		31		-1		470		590		 2		6
34		2		40		-1		458		578		 2		6
35		18		37		-1		360		720		 2		6
36		18		13		-1		539		659		 2		6
37		17		29		-1		360		480		 2		6
38		43		26		-1		588		708		 2		6
39		29		18		-1		290		530		 2		6
40		36		3		-1		0		360		 2		6
41		7		45		-1		51		291		 2		6
42		18		8		-1		0		360		 2		6
43		9		25		-1		360		720		 2		6
44		24		44		-1		248		488		 2		6
45		20		12		-1		290		530		 2		6
46		21		44		-1		474		594		 2		6
47		20		36		-1		0		360		 2		6
48		10		36		-1		387		507		 2		6
49		45		25		-1		360		720		 2		6
50		46		41		-1		0		360		 2		6
51		32		22		30		125		605		 1		4
52		20		44		30		57		537		 1		4
OPTION  LOCATION  CUSTOMER  PRIO  SERVICETIME   COST
0		51		0		0		2		0
1		51		1		0		2		0
2		51		2		0		2		0
3		51		3		0		2		0
4		51		4		0		2		0
5		51		5		0		2		0
6		52		6		0		2		0
7		52		7		0		2		0
8		51		8		0		2		0
9		52		9		0		2		0
10		1		10		0		5		0
11		2		11		0		5		0
12		3		12		0		5		0
13		4		13		0		5		0
14		5		14		0		5		0
15		6		15		0		5		0
16		7		16		0		5		0
17		8		17		0		5		0
18		9		18		0		5		0
19		10		19		0		5		0
20		11		20		0		5		0
21		52		20		1		2		0
22		12		21		1		5		0
23		52		21		0		2		0
24		13		22		1		5		0
25		52		22		0		2		0
26		14		23		0		5		0
27		51		23		1		2		0
28		15		24		0		5		0
29		52		24		1		2		0
30		16		25		0		5		0
31		51		25		1		2		0
32		17		26		1		5		0
33		51		26		0		2		0
34		18		27		1		5		0
35		51		27		0		2		0
36		19		28		1		5		0
37		52		28		0		2		0
38		20		29		0		5		0
39		52		29		1		2		0
40		21		30		0		5		0
41		51		30		1		2		0
42		52		30		2		2		0
43		22		31		0		5		0
44		51		31		1		2		0
45		52		31		2		2		0
46		23		32		2		5		0
47		52		32		0		2		0
48		51		32		1		2		0
49		24		33		0		5		0
50		51		33		1		2		0
51		52		33		2		2		0
52		25		34		0		5		0
53		51		34		2		2		0
54		52		34		1		2		0
55		26		35		1		5		0
56		52		35		2		2		0
57		51		35		0		2		0
58		27		36		1		5		0
59		52		36		2		2		0
60		51		36		0		2		0
61		28		37		2		5		0
62		51		37		1		2		0
63		52		37		0		2		0
64		29		38		2		5		0
65		52		38		1		2		0
66		51		38		0		2		0
67		30		39		0		5		0
68		52		39		2		2		0
69		51		39		1		2		0
70		31		40		0		5		0
71		32		40		2		5		0
72		51		40		1		2		0
73		33		41		0		5		0
74		34		41		1		5		0
75		52		41		2		2		0
76		35		42		1		5		0
77		36		42		2		5		0
78		52		42		0		2		0
79		37		43		0		5		0
80		38		43		2		5		0
81		52		43		1		2		0
82		39		44		1		5		0
83		40		44		2		5		0
84		51		44		0		2		0
85		41		45		0		5		0
86		42		45		1		5		0
87		52		45		2		2		0
88		43		46		2		5		0
89		44		46		0		5		0
90		51		46		1		2		0
91		45		47		0		5		0
92		46		47		2		5		0
93		51		47		1		2		0
94		47		48		1		5		0
95		48		48		2		5		0
96		51		48		0		2		0
97		49		49		2		5		0
98		50		49		0		5		0
99		52		49		1		2		0
