UBC_50_2.txt

VEHICLE     CAPACITY  LOCATIONS  CUSTOMER  OPTIONS  PRIORITIES  NUMTYPS
10		400		53		50		100		3		4

CUSTOMER  DEMAND
0	 11
1	 16
2	 14
3	 17
4	 14
5	 16
6	 12
7	 20
8	 11
9	 12
10	 17
11	 19
12	 20
13	 11
14	 10
15	 20
16	 12
17	 15
18	 11
19	 20
20	 20
21	 15
22	 13
23	 20
24	 13
25	 10
26	 14
27	 18
28	 10
29	 12
30	 18
31	 11
32	 12
33	 18
34	 16
35	 11
36	 13
37	 15
38	 19
39	 17
40	 20
41	 10
42	 18
43	 18
44	 20
45	 20
46	 13
47	 16
48	 17
49	 14

LOCATION  XCOORD  YCOORD  CAP  READY  DUE  TYP  SERVICETIME
0		12		15		-1		0		720	 0		0
1		5		18		-1		13		253		 2		6
2		21		33		-1		73		193		 2		6
3		14		37		-1		114		234		 2		6
4		11		32		-1		51		171		 2		6
5		10		6		-1		360		720		 2		6
6		31		42		-1		518		638		 2		6
7		35		21		-1		453		693		 2		6
8		13		34		-1		532		652		 2		6
9		40		50		-1		7		127		 2		6
10		37		28		-1		45		285		 2		6
11		6		17		-1		388		508		 2		6
12		18		13		-1		26		146		 2		6
13		14		28		-1		0		360		 2		6
14		33		21		-1		486		606		 2		6
15		27		16		-1		0		360		 2		6
16		47		50		-1		385		505		 2		6
17		4		11		-1		95		215		 2		6
18		17		18		-1		181		421		 2		6
19		49		6		-1		277		517		 2		6
20		10		48		-1		360		720		 2		6
21		2		7		-1		21		141		 2		6
22		31		1		-1		0		360		 2		6
23		49		34		-1		497		617		 2		6
24		42		33		-1		449		569		 2		6
25		34		31		-1		240		360		 2		6
26		21		9		-1		193		433		 2		6
27		42		2		-1		46		286		 2		6
28		23		39		-1		398		518		 2		6
29		38		43		-1		357		597		 2		6
30		26		14		-1		0		360		 2		6
31		16		22		-1		360		720		 2		6
32		5		9		-1		83		323		 2		6
33		22		24		-1		360		720		 2		6
34		47		7		-1		60		300		 2		6
35		21		16		-1		0		360		 2		6
36		14		14		-1		0		360		 2		6
37		18		6		-1		590		710		 2		6
38		34		13		-1		117		237		 2		6
39		34		34		-1		360		720		 2		6
40		48		11		-1		47		167		 2		6
41		44		31		-1		123		243		 2		6
42		5		29		-1		529		649		 2		6
43		40		6		-1		581		701		 2		6
44		11		4		-1		524		644		 2		6
45		13		43		-1		360		720		 2		6
46		39		19		-1		0		360		 2		6
47		20		45		-1		0		360		 2		6
48		19		7		-1		176		416		 2		6
49		49		9		-1		360		720		 2		6
50		1		1		-1		453		573		 2		6
51		7		13		11		0		720		 1		4
52		15		10		30		7		487		 1		4
OPTION  LOCATION  CUSTOMER  PRIO  SERVICETIME   COST
0		52		0		0		2		0
1		52		1		0		2		0
2		51		2		0		2		0
3		51		3		0		2		0
4		51		4		0		2		0
5		51		5		0		2		0
6		52		6		0		2		0
7		51		7		0		2		0
8		51		8		0		2		0
9		51		9		0		2		0
10		1		10		0		5		0
11		2		11		0		5		0
12		3		12		0		5		0
13		4		13		0		5		0
14		5		14		0		5		0
15		6		15		0		5		0
16		7		16		0		5		0
17		8		17		0		5		0
18		9		18		0		5		0
19		10		19		0		5		0
20		11		20		1		5		0
21		51		20		0		2		0
22		12		21		0		5		0
23		51		21		1		2		0
24		13		22		1		5		0
25		51		22		0		2		0
26		14		23		1		5		0
27		51		23		0		2		0
28		15		24		0		5		0
29		51		24		1		2		0
30		16		25		1		5		0
31		51		25		0		2		0
32		17		26		0		5		0
33		51		26		1		2		0
34		18		27		0		5		0
35		52		27		1		2		0
36		19		28		1		5		0
37		51		28		0		2		0
38		20		29		1		5		0
39		51		29		0		2		0
40		21		30		1		5		0
41		52		30		2		2		0
42		51		30		0		2		0
43		22		31		2		5		0
44		52		31		0		2		0
45		51		31		1		2		0
46		23		32		2		5		0
47		52		32		0		2		0
48		51		32		1		2		0
49		24		33		2		5		0
50		52		33		1		2		0
51		51		33		0		2		0
52		25		34		1		5		0
53		51		34		0		2		0
54		52		34		2		2		0
55		26		35		2		5		0
56		52		35		0		2		0
57		51		35		1		2		0
58		27		36		2		5		0
59		51		36		0		2		0
60		52		36		1		2		0
61		28		37		1		5		0
62		52		37		2		2		0
63		51		37		0		2		0
64		29		38		1		5		0
65		52		38		0		2		0
66		51		38		2		2		0
67		30		39		0		5		0
68		52		39		1		2		0
69		51		39		2		2		0
70		31		40		0		5		0
71		32		40		1		5		0
72		52		40		2		2		0
73		33		41		0		5		0
74		34		41		2		5		0
75		52		41		1		2		0
76		35		42		2		5		0
77		36		42		0		5		0
78		51		42		1		2		0
79		37		43		0		5		0
80		38		43		1		5		0
81		52		43		2		2		0
82		39		44		1		5		0
83		40		44		0		5		0
84		52		44		2		2		0
85		41		45		2		5		0
86		42		45		1		5		0
87		51		45		0		2		0
88		43		46		1		5		0
89		44		46		2		5		0
90		51		46		0		2		0
91		45		47		1		5		0
92		46		47		0		5		0
93		51		47		2		2		0
94		47		48		1		5		0
95		48		48		0		5		0
96		52		48		2		2		0
97		49		49		2		5		0
98		50		49		1		5		0
99		51		49		0		2		0
