V_25_8.txt

VEHICLE     CAPACITY  LOCATIONS  CUSTOMER  OPTIONS  PRIORITIES  NUMTYPS
10		150		25		25		38		3		4

CUSTOMER  DEMAND
0	 17
1	 16
2	 16
3	 12
4	 13
5	 17
6	 20
7	 15
8	 13
9	 12
10	 12
11	 20
12	 14
13	 16
14	 17
15	 16
16	 12
17	 18
18	 11
19	 15
20	 16
21	 11
22	 10
23	 10
24	 15

LOCATION  XCOORD  YCOORD  CAP  READY  DUE  TYP  SERVICETIME
0		18		21		-1		0		720	 0		0
1		23		36		-1		0		360		 2		6
2		24		50		-1		278		518		 2		6
3		39		49		-1		120		240		 2		6
4		15		46		-1		360		720		 2		6
5		20		48		-1		68		308		 2		6
6		20		25		-1		456		696		 2		6
7		21		20		-1		494		614		 2		6
8		9		3		-1		529		649		 2		6
9		49		22		-1		0		360		 2		6
10		34		22		-1		90		210		 2		6
11		36		45		-1		136		256		 2		6
12		21		17		-1		92		212		 2		6
13		43		39		-1		207		327		 2		6
14		29		46		-1		394		634		 2		6
15		36		20		-1		84		204		 2		6
16		30		3		-1		487		607		 2		6
17		43		45		-1		228		468		 2		6
18		4		49		-1		64		304		 2		6
19		27		10		-1		427		547		 2		6
20		38		28		5		169		649		 1		4
21		5		32		5		0		720		 1		4
22		42		12		4		0		720		 1		4
23		12		19		4		0		720		 1		4
24		19		38		5		123		603		 1		4
OPTION  LOCATION  CUSTOMER  PRIO  SERVICETIME   COST
0		22		0		0		2		0
1		22		1		0		2		0
2		23		2		0		2		0
3		20		3		0		2		0
4		20		4		0		2		0
5		20		5		0		2		0
6		1		6		0		5		0
7		2		7		0		5		0
8		3		8		0		5		0
9		4		9		0		5		0
10		5		10		0		5		0
11		6		11		0		5		0
12		7		12		1		5		0
13		21		12		0		2		0
14		8		13		0		5		0
15		22		13		1		2		0
16		9		14		1		5		0
17		23		14		0		2		0
18		10		15		0		5		0
19		22		15		1		2		0
20		11		16		0		5		0
21		22		16		1		2		0
22		12		17		1		5		0
23		20		17		0		2		0
24		13		18		1		5		0
25		21		18		0		2		0
26		14		19		0		5		0
27		23		19		1		2		0
28		15		20		0		5		0
29		21		20		1		2		0
30		16		21		0		5		0
31		23		21		1		2		0
32		17		22		0		5		0
33		23		22		1		2		0
34		18		23		0		5		0
35		20		23		1		2		0
36		19		24		1		5		0
37		21		24		0		2		0
