V_25small_5.txt

VEHICLE     CAPACITY  LOCATIONS  CUSTOMER  OPTIONS  PRIORITIES  NUMTYPS
10		150		25		25		38		3		4

CUSTOMER  DEMAND
0	 12
1	 20
2	 18
3	 19
4	 17
5	 10
6	 18
7	 10
8	 13
9	 19
10	 15
11	 10
12	 19
13	 17
14	 19
15	 14
16	 17
17	 20
18	 15
19	 14
20	 20
21	 18
22	 11
23	 12
24	 15

LOCATION  XCOORD  YCOORD  CAP  READY  DUE  TYP  SERVICETIME
0		28		39		-1		0		720	 0		0
1		23		16		-1		355		415		 2		6
2		35		10		-1		328		388		 2		6
3		15		2		-1		518		578		 2		6
4		14		30		-1		112		172		 2		6
5		22		43		-1		278		338		 2		6
6		24		34		-1		369		429		 2		6
7		1		14		-1		488		548		 2		6
8		17		46		-1		606		666		 2		6
9		32		33		-1		540		600		 2		6
10		31		4		-1		333		393		 2		6
11		25		44		-1		583		643		 2		6
12		41		8		-1		591		651		 2		6
13		43		1		-1		90		150		 2		6
14		30		10		-1		112		172		 2		6
15		42		10		-1		660		720		 2		6
16		31		31		-1		365		425		 2		6
17		16		4		-1		265		325		 2		6
18		30		20		-1		211		271		 2		6
19		3		29		-1		307		367		 2		6
20		33		26		4		142		382		 1		4
21		16		43		3		86		326		 1		4
22		23		17		5		118		358		 1		4
23		37		40		3		67		307		 1		4
24		43		41		5		69		309		 1		4
OPTION  LOCATION  CUSTOMER  PRIO  SERVICETIME   COST
0		23		0		0		2		0
1		24		1		0		2		0
2		20		2		0		2		0
3		21		3		0		2		0
4		20		4		0		2		0
5		20		5		0		2		0
6		1		6		0		5		0
7		2		7		0		5		0
8		3		8		0		5		0
9		4		9		0		5		0
10		5		10		0		5		0
11		6		11		0		5		0
12		7		12		0		5		0
13		24		12		1		2		0
14		8		13		1		5		0
15		24		13		0		2		0
16		9		14		0		5		0
17		23		14		1		2		0
18		10		15		1		5		0
19		24		15		0		2		0
20		11		16		1		5		0
21		20		16		0		2		0
22		12		17		0		5		0
23		24		17		1		2		0
24		13		18		1		5		0
25		23		18		0		2		0
26		14		19		1		5		0
27		21		19		0		2		0
28		15		20		1		5		0
29		20		20		0		2		0
30		16		21		0		5		0
31		22		21		1		2		0
32		17		22		1		5		0
33		20		22		0		2		0
34		18		23		1		5		0
35		22		23		0		2		0
36		19		24		0		5		0
37		20		24		1		2		0
