V_25_6.txt

VEHICLE     CAPACITY  LOCATIONS  CUSTOMER  OPTIONS  PRIORITIES  NUMTYPS
10		150		25		25		38		3		4

CUSTOMER  DEMAND
0	 12
1	 17
2	 11
3	 20
4	 12
5	 12
6	 10
7	 20
8	 13
9	 15
10	 19
11	 10
12	 11
13	 16
14	 15
15	 12
16	 18
17	 12
18	 13
19	 18
20	 18
21	 13
22	 16
23	 13
24	 10

LOCATION  XCOORD  YCOORD  CAP  READY  DUE  TYP  SERVICETIME
0		46		35		-1		0		720	 0		0
1		41		28		-1		360		720		 2		6
2		40		13		-1		360		720		 2		6
3		44		13		-1		51		171		 2		6
4		13		17		-1		0		360		 2		6
5		40		29		-1		174		414		 2		6
6		6		48		-1		427		667		 2		6
7		11		10		-1		360		720		 2		6
8		6		22		-1		360		720		 2		6
9		3		49		-1		60		180		 2		6
10		34		4		-1		378		618		 2		6
11		33		48		-1		423		543		 2		6
12		6		38		-1		360		720		 2		6
13		29		16		-1		14		254		 2		6
14		9		18		-1		567		687		 2		6
15		8		14		-1		120		240		 2		6
16		34		7		-1		360		720		 2		6
17		27		1		-1		502		622		 2		6
18		7		50		-1		111		231		 2		6
19		37		38		-1		218		338		 2		6
20		26		35		5		19		499		 1		4
21		36		30		5		0		720		 1		4
22		44		44		5		87		567		 1		4
23		29		9		5		123		603		 1		4
24		7		41		5		0		720		 1		4
OPTION  LOCATION  CUSTOMER  PRIO  SERVICETIME   COST
0		21		0		0		2		0
1		23		1		0		2		0
2		20		2		0		2		0
3		22		3		0		2		0
4		22		4		0		2		0
5		21		5		0		2		0
6		1		6		0		5		0
7		2		7		0		5		0
8		3		8		0		5		0
9		4		9		0		5		0
10		5		10		0		5		0
11		6		11		0		5		0
12		7		12		1		5		0
13		24		12		0		2		0
14		8		13		0		5		0
15		23		13		1		2		0
16		9		14		0		5		0
17		22		14		1		2		0
18		10		15		1		5		0
19		24		15		0		2		0
20		11		16		1		5		0
21		21		16		0		2		0
22		12		17		0		5		0
23		21		17		1		2		0
24		13		18		0		5		0
25		20		18		1		2		0
26		14		19		0		5		0
27		22		19		1		2		0
28		15		20		1		5		0
29		24		20		0		2		0
30		16		21		1		5		0
31		21		21		0		2		0
32		17		22		0		5		0
33		20		22		1		2		0
34		18		23		0		5		0
35		23		23		1		2		0
36		19		24		0		5		0
37		20		24		1		2		0
