V_25medium_6.txt

VEHICLE     CAPACITY  LOCATIONS  CUSTOMER  OPTIONS  PRIORITIES  NUMTYPS
10		150		25		25		38		3		4

CUSTOMER  DEMAND
0	 20
1	 14
2	 16
3	 19
4	 10
5	 14
6	 15
7	 14
8	 12
9	 14
10	 10
11	 19
12	 13
13	 20
14	 16
15	 16
16	 18
17	 12
18	 18
19	 20
20	 10
21	 12
22	 15
23	 10
24	 15

LOCATION  XCOORD  YCOORD  CAP  READY  DUE  TYP  SERVICETIME
0		31		40		-1		0		720	 0		0
1		2		31		-1		330		450		 2		6
2		19		32		-1		15		135		 2		6
3		29		6		-1		283		403		 2		6
4		29		19		-1		552		672		 2		6
5		49		2		-1		542		662		 2		6
6		24		35		-1		402		522		 2		6
7		22		33		-1		55		175		 2		6
8		14		10		-1		285		405		 2		6
9		35		34		-1		236		356		 2		6
10		30		15		-1		221		341		 2		6
11		1		36		-1		365		485		 2		6
12		44		7		-1		315		435		 2		6
13		12		20		-1		76		196		 2		6
14		21		32		-1		193		313		 2		6
15		10		46		-1		409		529		 2		6
16		46		30		-1		261		381		 2		6
17		20		28		-1		64		184		 2		6
18		25		13		-1		257		377		 2		6
19		31		16		-1		4		124		 2		6
20		33		14		5		26		506		 1		4
21		12		45		5		13		493		 1		4
22		6		34		4		14		494		 1		4
23		45		40		3		59		539		 1		4
24		41		26		3		146		626		 1		4
OPTION  LOCATION  CUSTOMER  PRIO  SERVICETIME   COST
0		23		0		0		2		0
1		24		1		0		2		0
2		21		2		0		2		0
3		23		3		0		2		0
4		23		4		0		2		0
5		21		5		0		2		0
6		1		6		0		5		0
7		2		7		0		5		0
8		3		8		0		5		0
9		4		9		0		5		0
10		5		10		0		5		0
11		6		11		0		5		0
12		7		12		1		5		0
13		22		12		0		2		0
14		8		13		0		5		0
15		23		13		1		2		0
16		9		14		0		5		0
17		20		14		1		2		0
18		10		15		0		5		0
19		20		15		1		2		0
20		11		16		1		5		0
21		24		16		0		2		0
22		12		17		0		5		0
23		24		17		1		2		0
24		13		18		1		5		0
25		24		18		0		2		0
26		14		19		0		5		0
27		23		19		1		2		0
28		15		20		1		5		0
29		22		20		0		2		0
30		16		21		0		5		0
31		22		21		1		2		0
32		17		22		0		5		0
33		20		22		1		2		0
34		18		23		0		5		0
35		24		23		1		2		0
36		19		24		0		5		0
37		21		24		1		2		0
