V_25medium_4.txt

VEHICLE     CAPACITY  LOCATIONS  CUSTOMER  OPTIONS  PRIORITIES  NUMTYPS
10		150		25		25		38		3		4

CUSTOMER  DEMAND
0	 20
1	 16
2	 17
3	 10
4	 12
5	 15
6	 18
7	 11
8	 10
9	 15
10	 10
11	 12
12	 12
13	 20
14	 20
15	 19
16	 12
17	 14
18	 20
19	 17
20	 10
21	 11
22	 20
23	 16
24	 11

LOCATION  XCOORD  YCOORD  CAP  READY  DUE  TYP  SERVICETIME
0		21		19		-1		0		720	 0		0
1		17		24		-1		132		252		 2		6
2		36		3		-1		99		219		 2		6
3		47		48		-1		80		200		 2		6
4		7		9		-1		550		670		 2		6
5		8		2		-1		68		188		 2		6
6		1		21		-1		530		650		 2		6
7		12		27		-1		488		608		 2		6
8		25		36		-1		396		516		 2		6
9		18		17		-1		73		193		 2		6
10		1		47		-1		244		364		 2		6
11		37		5		-1		64		184		 2		6
12		20		31		-1		146		266		 2		6
13		46		22		-1		576		696		 2		6
14		11		41		-1		52		172		 2		6
15		38		18		-1		224		344		 2		6
16		48		11		-1		594		714		 2		6
17		36		42		-1		508		628		 2		6
18		29		10		-1		581		701		 2		6
19		34		12		-1		219		339		 2		6
20		39		9		3		194		674		 1		4
21		25		45		3		223		703		 1		4
22		8		11		4		192		672		 1		4
23		11		37		3		102		582		 1		4
24		21		32		3		56		536		 1		4
OPTION  LOCATION  CUSTOMER  PRIO  SERVICETIME   COST
0		23		0		0		2		0
1		24		1		0		2		0
2		20		2		0		2		0
3		24		3		0		2		0
4		21		4		0		2		0
5		24		5		0		2		0
6		1		6		0		5		0
7		2		7		0		5		0
8		3		8		0		5		0
9		4		9		0		5		0
10		5		10		0		5		0
11		6		11		0		5		0
12		7		12		0		5		0
13		20		12		1		2		0
14		8		13		1		5		0
15		20		13		0		2		0
16		9		14		1		5		0
17		23		14		0		2		0
18		10		15		0		5		0
19		24		15		1		2		0
20		11		16		0		5		0
21		23		16		1		2		0
22		12		17		1		5		0
23		20		17		0		2		0
24		13		18		0		5		0
25		24		18		1		2		0
26		14		19		1		5		0
27		23		19		0		2		0
28		15		20		0		5		0
29		23		20		1		2		0
30		16		21		1		5		0
31		24		21		0		2		0
32		17		22		0		5		0
33		20		22		1		2		0
34		18		23		0		5		0
35		23		23		1		2		0
36		19		24		1		5		0
37		24		24		0		2		0
