V_25medium_2.txt

VEHICLE     CAPACITY  LOCATIONS  CUSTOMER  OPTIONS  PRIORITIES  NUMTYPS
10		150		25		25		38		3		4

CUSTOMER  DEMAND
0	 11
1	 10
2	 18
3	 17
4	 19
5	 14
6	 18
7	 15
8	 10
9	 15
10	 15
11	 12
12	 10
13	 19
14	 13
15	 18
16	 16
17	 17
18	 18
19	 13
20	 16
21	 13
22	 16
23	 16
24	 15

LOCATION  XCOORD  YCOORD  CAP  READY  DUE  TYP  SERVICETIME
0		31		39		-1		0		720	 0		0
1		43		27		-1		164		284		 2		6
2		43		7		-1		84		204		 2		6
3		23		24		-1		61		181		 2		6
4		24		41		-1		575		695		 2		6
5		1		27		-1		504		624		 2		6
6		20		38		-1		345		465		 2		6
7		50		10		-1		188		308		 2		6
8		25		46		-1		361		481		 2		6
9		31		36		-1		305		425		 2		6
10		28		1		-1		564		684		 2		6
11		14		11		-1		438		558		 2		6
12		46		49		-1		314		434		 2		6
13		3		48		-1		397		517		 2		6
14		42		18		-1		185		305		 2		6
15		15		27		-1		143		263		 2		6
16		12		45		-1		442		562		 2		6
17		50		32		-1		56		176		 2		6
18		3		23		-1		503		623		 2		6
19		17		33		-1		478		598		 2		6
20		19		41		3		145		625		 1		4
21		25		37		3		67		547		 1		4
22		25		32		3		117		597		 1		4
23		30		25		4		1		481		 1		4
24		19		9		3		63		543		 1		4
OPTION  LOCATION  CUSTOMER  PRIO  SERVICETIME   COST
0		20		0		0		2		0
1		21		1		0		2		0
2		24		2		0		2		0
3		24		3		0		2		0
4		20		4		0		2		0
5		23		5		0		2		0
6		1		6		0		5		0
7		2		7		0		5		0
8		3		8		0		5		0
9		4		9		0		5		0
10		5		10		0		5		0
11		6		11		0		5		0
12		7		12		1		5		0
13		24		12		0		2		0
14		8		13		0		5		0
15		23		13		1		2		0
16		9		14		0		5		0
17		20		14		1		2		0
18		10		15		1		5		0
19		23		15		0		2		0
20		11		16		1		5		0
21		23		16		0		2		0
22		12		17		1		5		0
23		23		17		0		2		0
24		13		18		1		5		0
25		24		18		0		2		0
26		14		19		0		5		0
27		22		19		1		2		0
28		15		20		1		5		0
29		24		20		0		2		0
30		16		21		1		5		0
31		24		21		0		2		0
32		17		22		1		5		0
33		22		22		0		2		0
34		18		23		0		5		0
35		21		23		1		2		0
36		19		24		1		5		0
37		20		24		0		2		0
