V_50medium_4.txt

VEHICLE     CAPACITY  LOCATIONS  CUSTOMER  OPTIONS  PRIORITIES  NUMTYPS
10		150		49		50		76		3		4

CUSTOMER  DEMAND
0	 11
1	 15
2	 17
3	 16
4	 19
5	 17
6	 10
7	 10
8	 14
9	 19
10	 14
11	 18
12	 12
13	 17
14	 17
15	 17
16	 11
17	 11
18	 18
19	 14
20	 15
21	 11
22	 17
23	 20
24	 18
25	 18
26	 20
27	 17
28	 17
29	 10
30	 18
31	 10
32	 14
33	 18
34	 20
35	 19
36	 13
37	 12
38	 15
39	 16
40	 15
41	 16
42	 16
43	 13
44	 13
45	 17
46	 15
47	 12
48	 12
49	 19

LOCATION  XCOORD  YCOORD  CAP  READY  DUE  TYP  SERVICETIME
0		9		37		-1		0		720	 0		0
1		46		32		-1		137		257		 2		6
2		4		6		-1		539		659		 2		6
3		31		48		-1		191		311		 2		6
4		43		27		-1		448		568		 2		6
5		20		37		-1		103		223		 2		6
6		48		17		-1		571		691		 2		6
7		8		48		-1		546		666		 2		6
8		48		35		-1		207		327		 2		6
9		12		5		-1		462		582		 2		6
10		38		36		-1		33		153		 2		6
11		2		38		-1		453		573		 2		6
12		48		25		-1		374		494		 2		6
13		21		11		-1		440		560		 2		6
14		20		44		-1		354		474		 2		6
15		24		27		-1		432		552		 2		6
16		33		30		-1		595		715		 2		6
17		24		21		-1		260		380		 2		6
18		26		8		-1		405		525		 2		6
19		7		9		-1		524		644		 2		6
20		15		29		-1		289		409		 2		6
21		24		20		-1		128		248		 2		6
22		47		50		-1		568		688		 2		6
23		14		44		-1		11		131		 2		6
24		27		18		-1		200		320		 2		6
25		24		37		-1		314		434		 2		6
26		21		41		-1		6		126		 2		6
27		11		4		-1		129		249		 2		6
28		25		9		-1		132		252		 2		6
29		29		33		-1		326		446		 2		6
30		42		48		-1		330		450		 2		6
31		18		28		-1		113		233		 2		6
32		11		2		-1		317		437		 2		6
33		6		37		-1		0		120		 2		6
34		16		42		-1		348		468		 2		6
35		39		21		-1		117		237		 2		6
36		48		17		-1		555		675		 2		6
37		5		25		-1		370		490		 2		6
38		3		17		-1		10		130		 2		6
39		10		43		3		50		530		 1		4
40		41		23		4		200		680		 1		4
41		40		33		5		168		648		 1		4
42		27		7		4		130		610		 1		4
43		7		41		5		220		700		 1		4
44		23		11		3		35		515		 1		4
45		8		31		4		103		583		 1		4
46		42		25		5		173		653		 1		4
47		32		25		3		120		600		 1		4
48		44		7		4		45		525		 1		4
OPTION  LOCATION  CUSTOMER  PRIO  SERVICETIME   COST
0		41		0		0		2		0
1		48		1		0		2		0
2		45		2		0		2		0
3		48		3		0		2		0
4		48		4		0		2		0
5		39		5		0		2		0
6		47		6		0		2		0
7		40		7		0		2		0
8		47		8		0		2		0
9		43		9		0		2		0
10		39		10		0		2		0
11		39		11		0		2		0
12		1		12		0		5		0
13		2		13		0		5		0
14		3		14		0		5		0
15		4		15		0		5		0
16		5		16		0		5		0
17		6		17		0		5		0
18		7		18		0		5		0
19		8		19		0		5		0
20		9		20		0		5		0
21		10		21		0		5		0
22		11		22		0		5		0
23		12		23		0		5		0
24		13		24		0		5		0
25		47		24		1		2		0
26		14		25		1		5		0
27		46		25		0		2		0
28		15		26		0		5		0
29		46		26		1		2		0
30		16		27		0		5		0
31		46		27		1		2		0
32		17		28		1		5		0
33		44		28		0		2		0
34		18		29		1		5		0
35		43		29		0		2		0
36		19		30		1		5		0
37		42		30		0		2		0
38		20		31		0		5		0
39		46		31		1		2		0
40		21		32		0		5		0
41		46		32		1		2		0
42		22		33		0		5		0
43		46		33		1		2		0
44		23		34		1		5		0
45		47		34		0		2		0
46		24		35		0		5		0
47		47		35		1		2		0
48		25		36		0		5		0
49		41		36		1		2		0
50		26		37		0		5		0
51		42		37		1		2		0
52		27		38		1		5		0
53		45		38		0		2		0
54		28		39		1		5		0
55		40		39		0		2		0
56		29		40		1		5		0
57		40		40		0		2		0
58		30		41		0		5		0
59		39		41		1		2		0
60		31		42		1		5		0
61		39		42		0		2		0
62		32		43		0		5		0
63		42		43		1		2		0
64		33		44		1		5		0
65		44		44		0		2		0
66		34		45		1		5		0
67		41		45		0		2		0
68		35		46		0		5		0
69		46		46		1		2		0
70		36		47		0		5		0
71		46		47		1		2		0
72		37		48		1		5		0
73		42		48		0		2		0
74		38		49		0		5		0
75		44		49		1		2		0
