V_50small_4.txt

VEHICLE     CAPACITY  LOCATIONS  CUSTOMER  OPTIONS  PRIORITIES  NUMTYPS
10		150		49		50		76		3		4

CUSTOMER  DEMAND
0	 11
1	 16
2	 10
3	 14
4	 13
5	 17
6	 14
7	 14
8	 10
9	 18
10	 16
11	 11
12	 14
13	 16
14	 15
15	 17
16	 10
17	 17
18	 11
19	 17
20	 18
21	 16
22	 16
23	 11
24	 17
25	 15
26	 20
27	 15
28	 19
29	 11
30	 15
31	 12
32	 10
33	 16
34	 20
35	 18
36	 19
37	 16
38	 14
39	 19
40	 11
41	 19
42	 15
43	 16
44	 10
45	 10
46	 13
47	 18
48	 11
49	 13

LOCATION  XCOORD  YCOORD  CAP  READY  DUE  TYP  SERVICETIME
0		41		27		-1		0		720	 0		0
1		48		39		-1		413		473		 2		6
2		44		26		-1		361		421		 2		6
3		22		29		-1		527		587		 2		6
4		45		3		-1		134		194		 2		6
5		35		39		-1		474		534		 2		6
6		44		28		-1		317		377		 2		6
7		18		13		-1		361		421		 2		6
8		45		8		-1		632		692		 2		6
9		31		42		-1		347		407		 2		6
10		40		1		-1		323		383		 2		6
11		4		14		-1		228		288		 2		6
12		31		9		-1		600		660		 2		6
13		44		12		-1		46		106		 2		6
14		2		1		-1		620		680		 2		6
15		26		43		-1		215		275		 2		6
16		29		22		-1		87		147		 2		6
17		22		25		-1		210		270		 2		6
18		17		14		-1		69		129		 2		6
19		38		34		-1		320		380		 2		6
20		50		36		-1		411		471		 2		6
21		33		11		-1		367		427		 2		6
22		38		45		-1		101		161		 2		6
23		33		43		-1		328		388		 2		6
24		7		22		-1		314		374		 2		6
25		1		43		-1		640		700		 2		6
26		10		31		-1		80		140		 2		6
27		11		47		-1		267		327		 2		6
28		26		5		-1		281		341		 2		6
29		41		44		-1		496		556		 2		6
30		29		37		-1		66		126		 2		6
31		13		2		-1		505		565		 2		6
32		45		30		-1		380		440		 2		6
33		47		34		-1		582		642		 2		6
34		5		48		-1		244		304		 2		6
35		45		26		-1		107		167		 2		6
36		39		13		-1		584		644		 2		6
37		13		45		-1		622		682		 2		6
38		45		13		-1		435		495		 2		6
39		19		30		4		218		458		 1		4
40		11		18		5		92		332		 1		4
41		44		20		3		87		327		 1		4
42		28		25		3		348		588		 1		4
43		43		35		3		400		640		 1		4
44		45		24		4		126		366		 1		4
45		6		12		3		196		436		 1		4
46		21		21		3		416		656		 1		4
47		7		20		4		339		579		 1		4
48		45		22		5		450		690		 1		4
OPTION  LOCATION  CUSTOMER  PRIO  SERVICETIME   COST
0		40		0		0		2		0
1		41		1		0		2		0
2		44		2		0		2		0
3		44		3		0		2		0
4		44		4		0		2		0
5		45		5		0		2		0
6		44		6		0		2		0
7		47		7		0		2		0
8		47		8		0		2		0
9		39		9		0		2		0
10		43		10		0		2		0
11		47		11		0		2		0
12		1		12		0		5		0
13		2		13		0		5		0
14		3		14		0		5		0
15		4		15		0		5		0
16		5		16		0		5		0
17		6		17		0		5		0
18		7		18		0		5		0
19		8		19		0		5		0
20		9		20		0		5		0
21		10		21		0		5		0
22		11		22		0		5		0
23		12		23		0		5		0
24		13		24		1		5		0
25		47		24		0		2		0
26		14		25		1		5		0
27		40		25		0		2		0
28		15		26		0		5		0
29		46		26		1		2		0
30		16		27		1		5		0
31		48		27		0		2		0
32		17		28		1		5		0
33		39		28		0		2		0
34		18		29		1		5		0
35		42		29		0		2		0
36		19		30		1		5		0
37		42		30		0		2		0
38		20		31		0		5		0
39		48		31		1		2		0
40		21		32		0		5		0
41		39		32		1		2		0
42		22		33		1		5		0
43		46		33		0		2		0
44		23		34		1		5		0
45		47		34		0		2		0
46		24		35		1		5		0
47		46		35		0		2		0
48		25		36		0		5		0
49		47		36		1		2		0
50		26		37		1		5		0
51		40		37		0		2		0
52		27		38		1		5		0
53		46		38		0		2		0
54		28		39		1		5		0
55		40		39		0		2		0
56		29		40		0		5		0
57		41		40		1		2		0
58		30		41		0		5		0
59		44		41		1		2		0
60		31		42		0		5		0
61		45		42		1		2		0
62		32		43		0		5		0
63		46		43		1		2		0
64		33		44		1		5		0
65		42		44		0		2		0
66		34		45		0		5		0
67		48		45		1		2		0
68		35		46		0		5		0
69		42		46		1		2		0
70		36		47		1		5		0
71		39		47		0		2		0
72		37		48		0		5		0
73		42		48		1		2		0
74		38		49		1		5		0
75		48		49		0		2		0
