V_50medium_7.txt

VEHICLE     CAPACITY  LOCATIONS  CUSTOMER  OPTIONS  PRIORITIES  NUMTYPS
10		150		49		50		76		3		4

CUSTOMER  DEMAND
0	 18
1	 13
2	 16
3	 14
4	 11
5	 11
6	 17
7	 18
8	 20
9	 11
10	 11
11	 11
12	 18
13	 11
14	 14
15	 18
16	 12
17	 19
18	 11
19	 19
20	 14
21	 16
22	 18
23	 18
24	 11
25	 18
26	 19
27	 19
28	 19
29	 15
30	 16
31	 14
32	 17
33	 20
34	 20
35	 14
36	 13
37	 15
38	 15
39	 10
40	 18
41	 19
42	 13
43	 14
44	 12
45	 18
46	 19
47	 10
48	 13
49	 20

LOCATION  XCOORD  YCOORD  CAP  READY  DUE  TYP  SERVICETIME
0		30		12		-1		0		720	 0		0
1		34		21		-1		514		634		 2		6
2		21		32		-1		351		471		 2		6
3		23		39		-1		489		609		 2		6
4		9		16		-1		544		664		 2		6
5		18		13		-1		507		627		 2		6
6		19		47		-1		404		524		 2		6
7		47		13		-1		290		410		 2		6
8		10		33		-1		480		600		 2		6
9		47		21		-1		531		651		 2		6
10		34		9		-1		190		310		 2		6
11		21		5		-1		400		520		 2		6
12		21		4		-1		489		609		 2		6
13		33		37		-1		336		456		 2		6
14		48		31		-1		488		608		 2		6
15		8		26		-1		239		359		 2		6
16		7		37		-1		261		381		 2		6
17		40		22		-1		84		204		 2		6
18		34		39		-1		548		668		 2		6
19		10		29		-1		442		562		 2		6
20		23		17		-1		492		612		 2		6
21		48		37		-1		126		246		 2		6
22		44		29		-1		301		421		 2		6
23		38		42		-1		517		637		 2		6
24		36		32		-1		298		418		 2		6
25		44		25		-1		64		184		 2		6
26		42		22		-1		445		565		 2		6
27		31		19		-1		405		525		 2		6
28		22		18		-1		207		327		 2		6
29		19		34		-1		530		650		 2		6
30		41		43		-1		346		466		 2		6
31		4		41		-1		517		637		 2		6
32		43		16		-1		62		182		 2		6
33		48		33		-1		247		367		 2		6
34		29		36		-1		592		712		 2		6
35		42		22		-1		454		574		 2		6
36		36		16		-1		254		374		 2		6
37		27		27		-1		418		538		 2		6
38		47		30		-1		455		575		 2		6
39		36		10		4		210		690		 1		4
40		27		23		3		135		615		 1		4
41		22		16		4		3		483		 1		4
42		32		22		4		179		659		 1		4
43		25		5		3		49		529		 1		4
44		32		35		4		202		682		 1		4
45		29		15		4		190		670		 1		4
46		15		20		5		3		483		 1		4
47		21		28		4		199		679		 1		4
48		22		25		3		219		699		 1		4
OPTION  LOCATION  CUSTOMER  PRIO  SERVICETIME   COST
0		39		0		0		2		0
1		46		1		0		2		0
2		46		2		0		2		0
3		46		3		0		2		0
4		47		4		0		2		0
5		39		5		0		2		0
6		47		6		0		2		0
7		47		7		0		2		0
8		47		8		0		2		0
9		41		9		0		2		0
10		46		10		0		2		0
11		40		11		0		2		0
12		1		12		0		5		0
13		2		13		0		5		0
14		3		14		0		5		0
15		4		15		0		5		0
16		5		16		0		5		0
17		6		17		0		5		0
18		7		18		0		5		0
19		8		19		0		5		0
20		9		20		0		5		0
21		10		21		0		5		0
22		11		22		0		5		0
23		12		23		0		5		0
24		13		24		1		5		0
25		47		24		0		2		0
26		14		25		1		5		0
27		40		25		0		2		0
28		15		26		0		5		0
29		39		26		1		2		0
30		16		27		1		5		0
31		42		27		0		2		0
32		17		28		1		5		0
33		45		28		0		2		0
34		18		29		0		5		0
35		48		29		1		2		0
36		19		30		1		5		0
37		45		30		0		2		0
38		20		31		1		5		0
39		40		31		0		2		0
40		21		32		1		5		0
41		48		32		0		2		0
42		22		33		1		5		0
43		44		33		0		2		0
44		23		34		0		5		0
45		42		34		1		2		0
46		24		35		0		5		0
47		48		35		1		2		0
48		25		36		1		5		0
49		44		36		0		2		0
50		26		37		0		5		0
51		39		37		1		2		0
52		27		38		0		5		0
53		39		38		1		2		0
54		28		39		0		5		0
55		48		39		1		2		0
56		29		40		1		5		0
57		39		40		0		2		0
58		30		41		1		5		0
59		42		41		0		2		0
60		31		42		1		5		0
61		48		42		0		2		0
62		32		43		0		5		0
63		40		43		1		2		0
64		33		44		1		5		0
65		42		44		0		2		0
66		34		45		0		5		0
67		42		45		1		2		0
68		35		46		0		5		0
69		44		46		1		2		0
70		36		47		1		5		0
71		41		47		0		2		0
72		37		48		0		5		0
73		40		48		1		2		0
74		38		49		0		5		0
75		42		49		1		2		0
