V_50_10.txt

VEHICLE     CAPACITY  LOCATIONS  CUSTOMER  OPTIONS  PRIORITIES  NUMTYPS
10		150		49		50		76		3		4

CUSTOMER  DEMAND
0	 14
1	 20
2	 18
3	 15
4	 20
5	 14
6	 10
7	 16
8	 10
9	 20
10	 15
11	 19
12	 16
13	 20
14	 11
15	 18
16	 12
17	 19
18	 15
19	 16
20	 15
21	 17
22	 16
23	 13
24	 14
25	 16
26	 11
27	 14
28	 18
29	 17
30	 14
31	 19
32	 11
33	 15
34	 12
35	 18
36	 14
37	 13
38	 11
39	 18
40	 18
41	 12
42	 11
43	 15
44	 20
45	 15
46	 19
47	 17
48	 13
49	 20

LOCATION  XCOORD  YCOORD  CAP  READY  DUE  TYP  SERVICETIME
0		39		36		-1		0		720	 0		0
1		4		22		-1		0		360		 2		6
2		31		40		-1		0		360		 2		6
3		12		9		-1		373		613		 2		6
4		23		17		-1		61		181		 2		6
5		33		6		-1		333		573		 2		6
6		48		24		-1		360		720		 2		6
7		30		45		-1		503		623		 2		6
8		7		46		-1		546		666		 2		6
9		45		8		-1		360		720		 2		6
10		36		34		-1		0		360		 2		6
11		42		15		-1		61		301		 2		6
12		15		15		-1		360		720		 2		6
13		40		16		-1		504		624		 2		6
14		31		13		-1		343		583		 2		6
15		41		27		-1		197		317		 2		6
16		32		25		-1		533		653		 2		6
17		13		48		-1		117		357		 2		6
18		3		36		-1		360		720		 2		6
19		2		27		-1		288		528		 2		6
20		3		26		-1		553		673		 2		6
21		12		34		-1		106		226		 2		6
22		4		5		-1		97		217		 2		6
23		10		27		-1		428		668		 2		6
24		45		27		-1		43		163		 2		6
25		17		16		-1		360		720		 2		6
26		20		4		-1		492		612		 2		6
27		31		29		-1		504		624		 2		6
28		8		27		-1		191		311		 2		6
29		16		31		-1		75		195		 2		6
30		47		38		-1		345		585		 2		6
31		27		46		-1		493		613		 2		6
32		43		49		-1		448		688		 2		6
33		21		49		-1		0		360		 2		6
34		1		45		-1		278		518		 2		6
35		1		47		-1		12		132		 2		6
36		7		8		-1		0		360		 2		6
37		7		35		-1		511		631		 2		6
38		9		17		-1		131		251		 2		6
39		8		15		5		56		536		 1		4
40		21		12		4		0		720		 1		4
41		31		29		5		91		571		 1		4
42		38		32		4		0		720		 1		4
43		10		29		5		154		634		 1		4
44		16		45		5		111		591		 1		4
45		37		10		3		0		720		 1		4
46		29		23		5		0		720		 1		4
47		18		17		5		0		720		 1		4
48		27		31		5		88		568		 1		4
OPTION  LOCATION  CUSTOMER  PRIO  SERVICETIME   COST
0		45		0		0		2		0
1		47		1		0		2		0
2		39		2		0		2		0
3		44		3		0		2		0
4		46		4		0		2		0
5		48		5		0		2		0
6		41		6		0		2		0
7		40		7		0		2		0
8		48		8		0		2		0
9		45		9		0		2		0
10		48		10		0		2		0
11		42		11		0		2		0
12		1		12		0		5		0
13		2		13		0		5		0
14		3		14		0		5		0
15		4		15		0		5		0
16		5		16		0		5		0
17		6		17		0		5		0
18		7		18		0		5		0
19		8		19		0		5		0
20		9		20		0		5		0
21		10		21		0		5		0
22		11		22		0		5		0
23		12		23		0		5		0
24		13		24		0		5		0
25		41		24		1		2		0
26		14		25		0		5		0
27		41		25		1		2		0
28		15		26		1		5		0
29		48		26		0		2		0
30		16		27		1		5		0
31		48		27		0		2		0
32		17		28		0		5		0
33		41		28		1		2		0
34		18		29		1		5		0
35		45		29		0		2		0
36		19		30		1		5		0
37		40		30		0		2		0
38		20		31		1		5		0
39		44		31		0		2		0
40		21		32		1		5		0
41		48		32		0		2		0
42		22		33		1		5		0
43		43		33		0		2		0
44		23		34		0		5		0
45		42		34		1		2		0
46		24		35		0		5		0
47		46		35		1		2		0
48		25		36		1		5		0
49		46		36		0		2		0
50		26		37		0		5		0
51		39		37		1		2		0
52		27		38		1		5		0
53		47		38		0		2		0
54		28		39		1		5		0
55		47		39		0		2		0
56		29		40		0		5		0
57		48		40		1		2		0
58		30		41		0		5		0
59		48		41		1		2		0
60		31		42		0		5		0
61		41		42		1		2		0
62		32		43		0		5		0
63		40		43		1		2		0
64		33		44		0		5		0
65		45		44		1		2		0
66		34		45		1		5		0
67		48		45		0		2		0
68		35		46		0		5		0
69		43		46		1		2		0
70		36		47		0		5		0
71		43		47		1		2		0
72		37		48		0		5		0
73		47		48		1		2		0
74		38		49		0		5		0
75		47		49		1		2		0
