V_50medium_8.txt

VEHICLE     CAPACITY  LOCATIONS  CUSTOMER  OPTIONS  PRIORITIES  NUMTYPS
10		150		49		50		76		3		4

CUSTOMER  DEMAND
0	 15
1	 19
2	 12
3	 20
4	 17
5	 13
6	 10
7	 10
8	 10
9	 12
10	 17
11	 15
12	 13
13	 13
14	 17
15	 18
16	 16
17	 18
18	 15
19	 14
20	 13
21	 13
22	 13
23	 16
24	 18
25	 10
26	 19
27	 12
28	 14
29	 20
30	 18
31	 17
32	 10
33	 15
34	 11
35	 11
36	 17
37	 20
38	 11
39	 10
40	 11
41	 12
42	 10
43	 14
44	 14
45	 16
46	 11
47	 18
48	 13
49	 14

LOCATION  XCOORD  YCOORD  CAP  READY  DUE  TYP  SERVICETIME
0		24		28		-1		0		720	 0		0
1		40		2		-1		246		366		 2		6
2		40		41		-1		447		567		 2		6
3		42		29		-1		378		498		 2		6
4		2		47		-1		13		133		 2		6
5		5		21		-1		270		390		 2		6
6		47		44		-1		54		174		 2		6
7		30		43		-1		257		377		 2		6
8		3		41		-1		521		641		 2		6
9		27		16		-1		125		245		 2		6
10		2		11		-1		65		185		 2		6
11		20		44		-1		219		339		 2		6
12		37		39		-1		0		120		 2		6
13		22		36		-1		392		512		 2		6
14		36		6		-1		31		151		 2		6
15		21		16		-1		507		627		 2		6
16		48		28		-1		349		469		 2		6
17		2		42		-1		338		458		 2		6
18		17		10		-1		270		390		 2		6
19		4		47		-1		399		519		 2		6
20		35		2		-1		490		610		 2		6
21		16		6		-1		552		672		 2		6
22		46		47		-1		522		642		 2		6
23		31		40		-1		338		458		 2		6
24		25		19		-1		168		288		 2		6
25		4		39		-1		168		288		 2		6
26		6		44		-1		215		335		 2		6
27		40		31		-1		388		508		 2		6
28		27		50		-1		240		360		 2		6
29		40		14		-1		572		692		 2		6
30		23		40		-1		540		660		 2		6
31		20		33		-1		90		210		 2		6
32		9		17		-1		500		620		 2		6
33		50		32		-1		18		138		 2		6
34		37		5		-1		119		239		 2		6
35		40		21		-1		107		227		 2		6
36		3		17		-1		474		594		 2		6
37		33		40		-1		586		706		 2		6
38		11		45		-1		75		195		 2		6
39		22		32		5		232		712		 1		4
40		28		8		5		212		692		 1		4
41		35		38		3		95		575		 1		4
42		25		31		3		143		623		 1		4
43		36		7		3		169		649		 1		4
44		30		22		5		152		632		 1		4
45		45		9		3		75		555		 1		4
46		40		33		4		4		484		 1		4
47		41		18		3		184		664		 1		4
48		18		18		5		10		490		 1		4
OPTION  LOCATION  CUSTOMER  PRIO  SERVICETIME   COST
0		48		0		0		2		0
1		39		1		0		2		0
2		44		2		0		2		0
3		44		3		0		2		0
4		46		4		0		2		0
5		44		5		0		2		0
6		46		6		0		2		0
7		43		7		0		2		0
8		47		8		0		2		0
9		44		9		0		2		0
10		43		10		0		2		0
11		46		11		0		2		0
12		1		12		0		5		0
13		2		13		0		5		0
14		3		14		0		5		0
15		4		15		0		5		0
16		5		16		0		5		0
17		6		17		0		5		0
18		7		18		0		5		0
19		8		19		0		5		0
20		9		20		0		5		0
21		10		21		0		5		0
22		11		22		0		5		0
23		12		23		0		5		0
24		13		24		0		5		0
25		40		24		1		2		0
26		14		25		1		5		0
27		47		25		0		2		0
28		15		26		1		5		0
29		42		26		0		2		0
30		16		27		1		5		0
31		41		27		0		2		0
32		17		28		1		5		0
33		44		28		0		2		0
34		18		29		1		5		0
35		40		29		0		2		0
36		19		30		1		5		0
37		43		30		0		2		0
38		20		31		0		5		0
39		45		31		1		2		0
40		21		32		0		5		0
41		43		32		1		2		0
42		22		33		0		5		0
43		42		33		1		2		0
44		23		34		1		5		0
45		40		34		0		2		0
46		24		35		0		5		0
47		40		35		1		2		0
48		25		36		1		5		0
49		44		36		0		2		0
50		26		37		1		5		0
51		47		37		0		2		0
52		27		38		0		5		0
53		45		38		1		2		0
54		28		39		1		5		0
55		45		39		0		2		0
56		29		40		0		5		0
57		46		40		1		2		0
58		30		41		0		5		0
59		41		41		1		2		0
60		31		42		1		5		0
61		47		42		0		2		0
62		32		43		0		5		0
63		42		43		1		2		0
64		33		44		0		5		0
65		40		44		1		2		0
66		34		45		1		5		0
67		47		45		0		2		0
68		35		46		1		5		0
69		46		46		0		2		0
70		36		47		0		5		0
71		39		47		1		2		0
72		37		48		1		5		0
73		39		48		0		2		0
74		38		49		1		5		0
75		44		49		0		2		0
