V_50small_8.txt

VEHICLE     CAPACITY  LOCATIONS  CUSTOMER  OPTIONS  PRIORITIES  NUMTYPS
10		150		49		50		76		3		4

CUSTOMER  DEMAND
0	 13
1	 19
2	 10
3	 19
4	 18
5	 14
6	 13
7	 10
8	 17
9	 11
10	 14
11	 18
12	 10
13	 14
14	 13
15	 11
16	 10
17	 13
18	 18
19	 20
20	 11
21	 20
22	 19
23	 13
24	 19
25	 11
26	 17
27	 16
28	 19
29	 13
30	 17
31	 16
32	 11
33	 16
34	 18
35	 20
36	 19
37	 13
38	 16
39	 16
40	 13
41	 11
42	 19
43	 20
44	 15
45	 14
46	 12
47	 17
48	 15
49	 12

LOCATION  XCOORD  YCOORD  CAP  READY  DUE  TYP  SERVICETIME
0		49		10		-1		0		720	 0		0
1		29		44		-1		551		611		 2		6
2		36		34		-1		271		331		 2		6
3		3		40		-1		365		425		 2		6
4		3		25		-1		47		107		 2		6
5		42		15		-1		610		670		 2		6
6		6		46		-1		639		699		 2		6
7		45		19		-1		521		581		 2		6
8		26		37		-1		128		188		 2		6
9		18		48		-1		327		387		 2		6
10		9		22		-1		200		260		 2		6
11		25		3		-1		528		588		 2		6
12		34		5		-1		112		172		 2		6
13		40		25		-1		58		118		 2		6
14		38		19		-1		403		463		 2		6
15		38		49		-1		244		304		 2		6
16		18		13		-1		256		316		 2		6
17		1		14		-1		147		207		 2		6
18		17		42		-1		612		672		 2		6
19		24		27		-1		80		140		 2		6
20		8		31		-1		369		429		 2		6
21		30		29		-1		496		556		 2		6
22		39		35		-1		599		659		 2		6
23		15		44		-1		626		686		 2		6
24		29		43		-1		382		442		 2		6
25		48		31		-1		141		201		 2		6
26		23		35		-1		540		600		 2		6
27		35		42		-1		580		640		 2		6
28		16		29		-1		593		653		 2		6
29		34		47		-1		225		285		 2		6
30		1		50		-1		149		209		 2		6
31		43		46		-1		368		428		 2		6
32		24		46		-1		536		596		 2		6
33		33		7		-1		526		586		 2		6
34		45		34		-1		309		369		 2		6
35		34		10		-1		286		346		 2		6
36		44		39		-1		617		677		 2		6
37		13		28		-1		166		226		 2		6
38		4		9		-1		293		353		 2		6
39		33		32		3		19		259		 1		4
40		40		41		3		124		364		 1		4
41		8		7		4		436		676		 1		4
42		41		36		3		95		335		 1		4
43		32		36		3		270		510		 1		4
44		30		38		3		67		307		 1		4
45		13		45		3		423		663		 1		4
46		10		9		5		447		687		 1		4
47		39		24		4		273		513		 1		4
48		42		41		4		451		691		 1		4
OPTION  LOCATION  CUSTOMER  PRIO  SERVICETIME   COST
0		41		0		0		2		0
1		48		1		0		2		0
2		47		2		0		2		0
3		44		3		0		2		0
4		44		4		0		2		0
5		45		5		0		2		0
6		46		6		0		2		0
7		45		7		0		2		0
8		46		8		0		2		0
9		41		9		0		2		0
10		45		10		0		2		0
11		40		11		0		2		0
12		1		12		0		5		0
13		2		13		0		5		0
14		3		14		0		5		0
15		4		15		0		5		0
16		5		16		0		5		0
17		6		17		0		5		0
18		7		18		0		5		0
19		8		19		0		5		0
20		9		20		0		5		0
21		10		21		0		5		0
22		11		22		0		5		0
23		12		23		0		5		0
24		13		24		0		5		0
25		39		24		1		2		0
26		14		25		1		5		0
27		43		25		0		2		0
28		15		26		0		5		0
29		42		26		1		2		0
30		16		27		1		5		0
31		41		27		0		2		0
32		17		28		1		5		0
33		44		28		0		2		0
34		18		29		0		5		0
35		42		29		1		2		0
36		19		30		1		5		0
37		43		30		0		2		0
38		20		31		0		5		0
39		42		31		1		2		0
40		21		32		0		5		0
41		44		32		1		2		0
42		22		33		1		5		0
43		48		33		0		2		0
44		23		34		1		5		0
45		43		34		0		2		0
46		24		35		0		5		0
47		39		35		1		2		0
48		25		36		1		5		0
49		40		36		0		2		0
50		26		37		1		5		0
51		42		37		0		2		0
52		27		38		1		5		0
53		42		38		0		2		0
54		28		39		0		5		0
55		44		39		1		2		0
56		29		40		1		5		0
57		42		40		0		2		0
58		30		41		0		5		0
59		48		41		1		2		0
60		31		42		0		5		0
61		44		42		1		2		0
62		32		43		1		5		0
63		40		43		0		2		0
64		33		44		1		5		0
65		46		44		0		2		0
66		34		45		0		5		0
67		41		45		1		2		0
68		35		46		1		5		0
69		43		46		0		2		0
70		36		47		0		5		0
71		48		47		1		2		0
72		37		48		0		5		0
73		48		48		1		2		0
74		38		49		0		5		0
75		47		49		1		2		0
