U_50_8.txt

VEHICLE     CAPACITY  LOCATIONS  CUSTOMER  OPTIONS  PRIORITIES  NUMTYPS
10		150		61		50		100		3		4

CUSTOMER  DEMAND
0	 14
1	 19
2	 13
3	 19
4	 19
5	 11
6	 16
7	 11
8	 11
9	 15
10	 19
11	 18
12	 10
13	 11
14	 12
15	 20
16	 20
17	 18
18	 17
19	 18
20	 16
21	 19
22	 11
23	 12
24	 10
25	 13
26	 11
27	 15
28	 19
29	 14
30	 11
31	 15
32	 13
33	 15
34	 11
35	 16
36	 11
37	 20
38	 20
39	 14
40	 14
41	 15
42	 18
43	 10
44	 12
45	 13
46	 12
47	 18
48	 19
49	 16

LOCATION  XCOORD  YCOORD  CAP  READY  DUE  TYP  SERVICETIME
0		29		2		-1		0		720	 0		0
1		24		50		-1		0		360		 2		6
2		43		28		-1		325		565		 2		6
3		12		50		-1		360		720		 2		6
4		10		38		-1		80		200		 2		6
5		50		2		-1		443		683		 2		6
6		35		11		-1		9		249		 2		6
7		39		3		-1		360		720		 2		6
8		10		43		-1		195		315		 2		6
9		14		41		-1		460		580		 2		6
10		28		16		-1		360		720		 2		6
11		19		43		-1		383		503		 2		6
12		2		1		-1		408		528		 2		6
13		33		38		-1		0		360		 2		6
14		9		44		-1		218		338		 2		6
15		37		42		-1		544		664		 2		6
16		43		29		-1		259		499		 2		6
17		50		25		-1		293		533		 2		6
18		45		28		-1		8		128		 2		6
19		44		35		-1		0		360		 2		6
20		39		39		-1		151		271		 2		6
21		15		9		-1		4		124		 2		6
22		15		29		-1		369		489		 2		6
23		32		41		-1		596		716		 2		6
24		50		26		-1		33		153		 2		6
25		26		26		-1		92		212		 2		6
26		17		13		-1		46		286		 2		6
27		46		24		-1		360		720		 2		6
28		13		45		-1		0		360		 2		6
29		23		44		-1		1		121		 2		6
30		50		40		-1		29		269		 2		6
31		41		21		-1		360		720		 2		6
32		50		34		-1		0		360		 2		6
33		29		15		-1		0		360		 2		6
34		47		49		-1		0		360		 2		6
35		34		26		-1		352		592		 2		6
36		9		22		-1		45		165		 2		6
37		2		25		-1		491		611		 2		6
38		12		12		-1		0		360		 2		6
39		40		16		-1		589		709		 2		6
40		36		47		-1		360		720		 2		6
41		27		48		-1		555		675		 2		6
42		19		13		-1		230		470		 2		6
43		19		19		-1		0		360		 2		6
44		20		30		-1		301		541		 2		6
45		43		34		-1		0		360		 2		6
46		24		5		-1		22		142		 2		6
47		24		46		-1		360		720		 2		6
48		37		26		-1		583		703		 2		6
49		49		1		-1		360		720		 2		6
50		42		16		-1		0		360		 2		6
51		25		10		3		0		720		 1		4
52		26		39		4		0		720		 1		4
53		11		36		5		139		619		 1		4
54		15		13		4		0		720		 1		4
55		6		9		5		0		720		 1		4
56		9		31		5		204		684		 1		4
57		20		20		5		115		595		 1		4
58		8		14		5		0		720		 1		4
59		42		17		5		102		582		 1		4
60		30		9		5		208		688		 1		4
OPTION  LOCATION  CUSTOMER  PRIO  SERVICETIME   COST
0		54		0		0		2		0
1		59		1		0		2		0
2		57		2		0		2		0
3		55		3		0		2		0
4		60		4		0		2		0
5		52		5		0		2		0
6		52		6		0		2		0
7		58		7		0		2		0
8		54		8		0		2		0
9		52		9		0		2		0
10		1		10		0		5		0
11		2		11		0		5		0
12		3		12		0		5		0
13		4		13		0		5		0
14		5		14		0		5		0
15		6		15		0		5		0
16		7		16		0		5		0
17		8		17		0		5		0
18		9		18		0		5		0
19		10		19		0		5		0
20		11		20		0		5		0
21		60		20		1		2		0
22		12		21		0		5		0
23		57		21		1		2		0
24		13		22		0		5		0
25		56		22		1		2		0
26		14		23		0		5		0
27		56		23		1		2		0
28		15		24		1		5		0
29		60		24		0		2		0
30		16		25		0		5		0
31		51		25		1		2		0
32		17		26		0		5		0
33		52		26		1		2		0
34		18		27		1		5		0
35		57		27		0		2		0
36		19		28		1		5		0
37		51		28		0		2		0
38		20		29		0		5		0
39		57		29		1		2		0
40		21		30		0		5		0
41		52		30		2		2		0
42		57		30		1		2		0
43		22		31		1		5		0
44		52		31		0		2		0
45		59		31		2		2		0
46		23		32		0		5		0
47		56		32		2		2		0
48		57		32		1		2		0
49		24		33		2		5		0
50		56		33		1		2		0
51		53		33		0		2		0
52		25		34		2		5		0
53		60		34		0		2		0
54		51		34		1		2		0
55		26		35		0		5		0
56		58		35		2		2		0
57		57		35		1		2		0
58		27		36		2		5		0
59		51		36		0		2		0
60		52		36		1		2		0
61		28		37		0		5		0
62		56		37		1		2		0
63		51		37		2		2		0
64		29		38		0		5		0
65		57		38		1		2		0
66		53		38		2		2		0
67		30		39		2		5		0
68		59		39		0		2		0
69		57		39		1		2		0
70		31		40		2		5		0
71		32		40		0		5		0
72		52		40		1		2		0
73		33		41		0		5		0
74		34		41		1		5		0
75		56		41		2		2		0
76		35		42		1		5		0
77		36		42		0		5		0
78		59		42		2		2		0
79		37		43		0		5		0
80		38		43		1		5		0
81		55		43		2		2		0
82		39		44		0		5		0
83		40		44		1		5		0
84		57		44		2		2		0
85		41		45		1		5		0
86		42		45		2		5		0
87		52		45		0		2		0
88		43		46		2		5		0
89		44		46		0		5		0
90		54		46		1		2		0
91		45		47		2		5		0
92		46		47		0		5		0
93		56		47		1		2		0
94		47		48		0		5		0
95		48		48		2		5		0
96		59		48		1		2		0
97		49		49		0		5		0
98		50		49		1		5		0
99		52		49		2		2		0
