U_50_10.txt

VEHICLE     CAPACITY  LOCATIONS  CUSTOMER  OPTIONS  PRIORITIES  NUMTYPS
10		150		61		50		100		3		4

CUSTOMER  DEMAND
0	 20
1	 10
2	 18
3	 18
4	 20
5	 20
6	 13
7	 16
8	 17
9	 14
10	 13
11	 12
12	 11
13	 13
14	 20
15	 10
16	 14
17	 17
18	 10
19	 13
20	 12
21	 18
22	 10
23	 15
24	 12
25	 16
26	 10
27	 12
28	 11
29	 11
30	 16
31	 16
32	 19
33	 18
34	 17
35	 17
36	 14
37	 20
38	 20
39	 12
40	 17
41	 18
42	 17
43	 18
44	 20
45	 10
46	 10
47	 18
48	 15
49	 20

LOCATION  XCOORD  YCOORD  CAP  READY  DUE  TYP  SERVICETIME
0		6		5		-1		0		720	 0		0
1		17		38		-1		85		205		 2		6
2		13		3		-1		64		184		 2		6
3		28		20		-1		460		580		 2		6
4		37		27		-1		360		720		 2		6
5		16		18		-1		479		719		 2		6
6		35		6		-1		50		170		 2		6
7		9		20		-1		0		360		 2		6
8		18		44		-1		0		360		 2		6
9		49		6		-1		277		517		 2		6
10		10		48		-1		360		720		 2		6
11		2		7		-1		21		141		 2		6
12		31		1		-1		0		360		 2		6
13		49		34		-1		497		617		 2		6
14		42		33		-1		449		569		 2		6
15		34		31		-1		240		360		 2		6
16		21		9		-1		193		433		 2		6
17		42		2		-1		46		286		 2		6
18		23		39		-1		398		518		 2		6
19		38		43		-1		357		597		 2		6
20		26		14		-1		0		360		 2		6
21		16		22		-1		360		720		 2		6
22		5		9		-1		83		323		 2		6
23		22		24		-1		360		720		 2		6
24		47		7		-1		60		300		 2		6
25		21		16		-1		0		360		 2		6
26		14		14		-1		0		360		 2		6
27		18		6		-1		590		710		 2		6
28		34		13		-1		117		237		 2		6
29		34		34		-1		360		720		 2		6
30		48		11		-1		47		167		 2		6
31		44		31		-1		123		243		 2		6
32		5		29		-1		529		649		 2		6
33		40		6		-1		581		701		 2		6
34		11		4		-1		524		644		 2		6
35		13		43		-1		360		720		 2		6
36		39		19		-1		0		360		 2		6
37		20		45		-1		0		360		 2		6
38		19		7		-1		176		416		 2		6
39		49		9		-1		360		720		 2		6
40		1		1		-1		453		573		 2		6
41		3		11		-1		508		628		 2		6
42		5		13		-1		42		162		 2		6
43		16		2		-1		288		528		 2		6
44		19		16		-1		0		360		 2		6
45		2		43		-1		7		127		 2		6
46		23		30		-1		183		303		 2		6
47		36		27		-1		360		720		 2		6
48		3		10		-1		98		218		 2		6
49		40		2		-1		501		621		 2		6
50		45		33		-1		360		720		 2		6
51		17		21		5		71		551		 1		4
52		40		39		5		36		516		 1		4
53		32		23		5		201		681		 1		4
54		5		19		5		105		585		 1		4
55		7		35		5		0		720		 1		4
56		37		45		5		0		720		 1		4
57		26		26		3		0		720		 1		4
58		31		22		3		0		720		 1		4
59		22		9		5		236		716		 1		4
60		23		28		3		0		720		 1		4
OPTION  LOCATION  CUSTOMER  PRIO  SERVICETIME   COST
0		58		0		0		2		0
1		60		1		0		2		0
2		54		2		0		2		0
3		60		3		0		2		0
4		60		4		0		2		0
5		58		5		0		2		0
6		52		6		0		2		0
7		55		7		0		2		0
8		52		8		0		2		0
9		57		9		0		2		0
10		1		10		0		5		0
11		2		11		0		5		0
12		3		12		0		5		0
13		4		13		0		5		0
14		5		14		0		5		0
15		6		15		0		5		0
16		7		16		0		5		0
17		8		17		0		5		0
18		9		18		0		5		0
19		10		19		0		5		0
20		11		20		0		5		0
21		58		20		1		2		0
22		12		21		1		5		0
23		51		21		0		2		0
24		13		22		0		5		0
25		54		22		1		2		0
26		14		23		1		5		0
27		57		23		0		2		0
28		15		24		1		5		0
29		56		24		0		2		0
30		16		25		1		5		0
31		57		25		0		2		0
32		17		26		0		5		0
33		58		26		1		2		0
34		18		27		1		5		0
35		57		27		0		2		0
36		19		28		1		5		0
37		57		28		0		2		0
38		20		29		0		5		0
39		58		29		1		2		0
40		21		30		1		5		0
41		51		30		2		2		0
42		59		30		0		2		0
43		22		31		0		5		0
44		55		31		1		2		0
45		56		31		2		2		0
46		23		32		2		5		0
47		56		32		0		2		0
48		60		32		1		2		0
49		24		33		0		5		0
50		58		33		1		2		0
51		52		33		2		2		0
52		25		34		1		5		0
53		54		34		2		2		0
54		59		34		0		2		0
55		26		35		2		5		0
56		57		35		1		2		0
57		60		35		0		2		0
58		27		36		1		5		0
59		57		36		2		2		0
60		58		36		0		2		0
61		28		37		0		5		0
62		59		37		1		2		0
63		60		37		2		2		0
64		29		38		0		5		0
65		56		38		1		2		0
66		53		38		2		2		0
67		30		39		0		5		0
68		52		39		1		2		0
69		59		39		2		2		0
70		31		40		2		5		0
71		32		40		0		5		0
72		51		40		1		2		0
73		33		41		1		5		0
74		34		41		0		5		0
75		58		41		2		2		0
76		35		42		1		5		0
77		36		42		0		5		0
78		52		42		2		2		0
79		37		43		0		5		0
80		38		43		1		5		0
81		51		43		2		2		0
82		39		44		2		5		0
83		40		44		0		5		0
84		54		44		1		2		0
85		41		45		2		5		0
86		42		45		0		5		0
87		53		45		1		2		0
88		43		46		1		5		0
89		44		46		2		5		0
90		53		46		0		2		0
91		45		47		2		5		0
92		46		47		1		5		0
93		57		47		0		2		0
94		47		48		0		5		0
95		48		48		1		5		0
96		58		48		2		2		0
97		49		49		0		5		0
98		50		49		2		5		0
99		58		49		1		2		0
