U_50_9.txt

VEHICLE     CAPACITY  LOCATIONS  CUSTOMER  OPTIONS  PRIORITIES  NUMTYPS
10		150		61		50		100		3		4

CUSTOMER  DEMAND
0	 15
1	 17
2	 14
3	 11
4	 10
5	 14
6	 15
7	 10
8	 12
9	 17
10	 14
11	 10
12	 10
13	 19
14	 12
15	 16
16	 20
17	 17
18	 18
19	 20
20	 14
21	 12
22	 18
23	 14
24	 14
25	 20
26	 16
27	 20
28	 11
29	 16
30	 11
31	 15
32	 17
33	 14
34	 14
35	 15
36	 14
37	 16
38	 12
39	 12
40	 12
41	 19
42	 17
43	 14
44	 20
45	 15
46	 12
47	 16
48	 14
49	 11

LOCATION  XCOORD  YCOORD  CAP  READY  DUE  TYP  SERVICETIME
0		10		30		-1		0		720	 0		0
1		7		44		-1		361		481		 2		6
2		48		1		-1		491		611		 2		6
3		2		48		-1		27		267		 2		6
4		23		29		-1		0		360		 2		6
5		32		44		-1		448		568		 2		6
6		14		13		-1		435		555		 2		6
7		13		4		-1		377		617		 2		6
8		18		50		-1		360		720		 2		6
9		10		31		-1		360		720		 2		6
10		12		36		-1		582		702		 2		6
11		44		9		-1		533		653		 2		6
12		26		42		-1		306		546		 2		6
13		5		3		-1		471		591		 2		6
14		15		43		-1		43		163		 2		6
15		1		50		-1		360		720		 2		6
16		16		20		-1		0		360		 2		6
17		14		4		-1		183		423		 2		6
18		16		12		-1		0		360		 2		6
19		12		26		-1		106		346		 2		6
20		29		7		-1		0		360		 2		6
21		4		22		-1		104		224		 2		6
22		16		13		-1		360		720		 2		6
23		32		20		-1		170		290		 2		6
24		26		16		-1		0		360		 2		6
25		12		50		-1		0		360		 2		6
26		23		21		-1		453		693		 2		6
27		8		30		-1		0		360		 2		6
28		38		26		-1		360		720		 2		6
29		33		38		-1		360		720		 2		6
30		46		34		-1		360		720		 2		6
31		1		24		-1		360		720		 2		6
32		35		15		-1		96		216		 2		6
33		46		42		-1		588		708		 2		6
34		22		9		-1		367		487		 2		6
35		24		50		-1		360		720		 2		6
36		29		42		-1		439		559		 2		6
37		21		49		-1		232		352		 2		6
38		42		29		-1		0		360		 2		6
39		28		50		-1		210		330		 2		6
40		43		19		-1		377		497		 2		6
41		18		19		-1		198		438		 2		6
42		23		19		-1		0		360		 2		6
43		47		48		-1		0		360		 2		6
44		28		13		-1		583		703		 2		6
45		46		33		-1		112		232		 2		6
46		44		30		-1		435		555		 2		6
47		25		1		-1		131		251		 2		6
48		43		13		-1		360		720		 2		6
49		4		43		-1		381		501		 2		6
50		6		23		-1		0		360		 2		6
51		40		42		3		0		720		 1		4
52		25		18		5		61		541		 1		4
53		36		26		3		0		720		 1		4
54		29		40		5		150		630		 1		4
55		16		40		5		120		600		 1		4
56		22		12		5		12		492		 1		4
57		43		18		5		0		720		 1		4
58		29		26		3		0		720		 1		4
59		23		36		5		65		545		 1		4
60		5		16		4		0		720		 1		4
OPTION  LOCATION  CUSTOMER  PRIO  SERVICETIME   COST
0		56		0		0		2		0
1		59		1		0		2		0
2		51		2		0		2		0
3		54		3		0		2		0
4		53		4		0		2		0
5		56		5		0		2		0
6		52		6		0		2		0
7		51		7		0		2		0
8		58		8		0		2		0
9		57		9		0		2		0
10		1		10		0		5		0
11		2		11		0		5		0
12		3		12		0		5		0
13		4		13		0		5		0
14		5		14		0		5		0
15		6		15		0		5		0
16		7		16		0		5		0
17		8		17		0		5		0
18		9		18		0		5		0
19		10		19		0		5		0
20		11		20		1		5		0
21		53		20		0		2		0
22		12		21		1		5		0
23		58		21		0		2		0
24		13		22		0		5		0
25		51		22		1		2		0
26		14		23		0		5		0
27		58		23		1		2		0
28		15		24		1		5		0
29		60		24		0		2		0
30		16		25		0		5		0
31		51		25		1		2		0
32		17		26		1		5		0
33		59		26		0		2		0
34		18		27		1		5		0
35		53		27		0		2		0
36		19		28		1		5		0
37		52		28		0		2		0
38		20		29		0		5		0
39		53		29		1		2		0
40		21		30		2		5		0
41		58		30		0		2		0
42		54		30		1		2		0
43		22		31		2		5		0
44		58		31		0		2		0
45		54		31		1		2		0
46		23		32		1		5		0
47		60		32		2		2		0
48		59		32		0		2		0
49		24		33		1		5		0
50		57		33		2		2		0
51		54		33		0		2		0
52		25		34		2		5		0
53		51		34		0		2		0
54		59		34		1		2		0
55		26		35		1		5		0
56		52		35		0		2		0
57		53		35		2		2		0
58		27		36		1		5		0
59		52		36		2		2		0
60		60		36		0		2		0
61		28		37		1		5		0
62		57		37		2		2		0
63		58		37		0		2		0
64		29		38		2		5		0
65		56		38		0		2		0
66		51		38		1		2		0
67		30		39		1		5		0
68		55		39		2		2		0
69		59		39		0		2		0
70		31		40		0		5		0
71		32		40		1		5		0
72		60		40		2		2		0
73		33		41		1		5		0
74		34		41		0		5		0
75		54		41		2		2		0
76		35		42		0		5		0
77		36		42		1		5		0
78		51		42		2		2		0
79		37		43		2		5		0
80		38		43		1		5		0
81		55		43		0		2		0
82		39		44		0		5		0
83		40		44		1		5		0
84		59		44		2		2		0
85		41		45		1		5		0
86		42		45		2		5		0
87		52		45		0		2		0
88		43		46		1		5		0
89		44		46		2		5		0
90		52		46		0		2		0
91		45		47		2		5		0
92		46		47		0		5		0
93		51		47		1		2		0
94		47		48		1		5		0
95		48		48		2		5		0
96		57		48		0		2		0
97		49		49		2		5		0
98		50		49		0		5		0
99		52		49		1		2		0
