U_50_1.txt

VEHICLE     CAPACITY  LOCATIONS  CUSTOMER  OPTIONS  PRIORITIES  NUMTYPS
10		150		61		50		100		3		4

CUSTOMER  DEMAND
0	 13
1	 17
2	 10
3	 19
4	 15
5	 16
6	 19
7	 12
8	 20
9	 13
10	 17
11	 15
12	 15
13	 12
14	 12
15	 16
16	 19
17	 12
18	 17
19	 15
20	 15
21	 11
22	 10
23	 15
24	 18
25	 18
26	 17
27	 14
28	 12
29	 18
30	 11
31	 15
32	 13
33	 20
34	 14
35	 18
36	 16
37	 18
38	 20
39	 10
40	 20
41	 20
42	 20
43	 10
44	 10
45	 19
46	 19
47	 10
48	 11
49	 16

LOCATION  XCOORD  YCOORD  CAP  READY  DUE  TYP  SERVICETIME
0		43		2		-1		0		720	 0		0
1		48		37		-1		360		720		 2		6
2		39		19		-1		118		238		 2		6
3		36		1		-1		78		198		 2		6
4		45		15		-1		490		610		 2		6
5		24		6		-1		0		360		 2		6
6		39		38		-1		11		131		 2		6
7		25		35		-1		82		202		 2		6
8		3		50		-1		360		720		 2		6
9		33		45		-1		360		720		 2		6
10		36		2		-1		108		228		 2		6
11		36		30		-1		0		360		 2		6
12		8		34		-1		360		720		 2		6
13		14		13		-1		431		671		 2		6
14		29		20		-1		478		598		 2		6
15		3		8		-1		93		213		 2		6
16		48		22		-1		109		229		 2		6
17		29		46		-1		0		360		 2		6
18		45		23		-1		199		439		 2		6
19		39		32		-1		234		354		 2		6
20		33		45		-1		523		643		 2		6
21		15		35		-1		408		648		 2		6
22		6		37		-1		436		556		 2		6
23		30		21		-1		360		720		 2		6
24		17		50		-1		207		327		 2		6
25		32		22		-1		327		567		 2		6
26		31		32		-1		0		360		 2		6
27		48		44		-1		267		507		 2		6
28		44		3		-1		360		720		 2		6
29		33		47		-1		111		231		 2		6
30		37		35		-1		231		351		 2		6
31		18		9		-1		72		312		 2		6
32		6		32		-1		0		360		 2		6
33		41		30		-1		360		720		 2		6
34		45		33		-1		360		720		 2		6
35		6		30		-1		360		720		 2		6
36		4		38		-1		56		176		 2		6
37		11		8		-1		184		304		 2		6
38		22		8		-1		421		541		 2		6
39		20		35		-1		426		546		 2		6
40		14		8		-1		360		720		 2		6
41		8		11		-1		360		720		 2		6
42		2		42		-1		64		304		 2		6
43		44		17		-1		574		694		 2		6
44		21		45		-1		360		720		 2		6
45		1		36		-1		360		720		 2		6
46		15		20		-1		0		360		 2		6
47		4		45		-1		507		627		 2		6
48		48		22		-1		546		666		 2		6
49		38		31		-1		550		670		 2		6
50		8		24		-1		363		483		 2		6
51		12		14		5		0		720		 1		4
52		40		31		5		64		544		 1		4
53		8		31		5		227		707		 1		4
54		25		26		4		0		720		 1		4
55		6		6		5		0		720		 1		4
56		41		36		3		0		720		 1		4
57		36		20		4		0		720		 1		4
58		39		39		5		136		616		 1		4
59		20		10		4		0		720		 1		4
60		35		23		5		0		720		 1		4
OPTION  LOCATION  CUSTOMER  PRIO  SERVICETIME   COST
0		51		0		0		2		0
1		54		1		0		2		0
2		56		2		0		2		0
3		57		3		0		2		0
4		53		4		0		2		0
5		59		5		0		2		0
6		51		6		0		2		0
7		54		7		0		2		0
8		60		8		0		2		0
9		59		9		0		2		0
10		1		10		0		5		0
11		2		11		0		5		0
12		3		12		0		5		0
13		4		13		0		5		0
14		5		14		0		5		0
15		6		15		0		5		0
16		7		16		0		5		0
17		8		17		0		5		0
18		9		18		0		5		0
19		10		19		0		5		0
20		11		20		0		5		0
21		56		20		1		2		0
22		12		21		1		5		0
23		55		21		0		2		0
24		13		22		0		5		0
25		59		22		1		2		0
26		14		23		0		5		0
27		52		23		1		2		0
28		15		24		1		5		0
29		57		24		0		2		0
30		16		25		1		5		0
31		60		25		0		2		0
32		17		26		0		5		0
33		53		26		1		2		0
34		18		27		0		5		0
35		56		27		1		2		0
36		19		28		1		5		0
37		51		28		0		2		0
38		20		29		0		5		0
39		60		29		1		2		0
40		21		30		0		5		0
41		58		30		1		2		0
42		54		30		2		2		0
43		22		31		0		5		0
44		59		31		2		2		0
45		57		31		1		2		0
46		23		32		0		5		0
47		54		32		1		2		0
48		59		32		2		2		0
49		24		33		1		5		0
50		51		33		2		2		0
51		55		33		0		2		0
52		25		34		1		5		0
53		54		34		0		2		0
54		57		34		2		2		0
55		26		35		0		5		0
56		60		35		1		2		0
57		56		35		2		2		0
58		27		36		0		5		0
59		56		36		1		2		0
60		60		36		2		2		0
61		28		37		0		5		0
62		60		37		1		2		0
63		59		37		2		2		0
64		29		38		2		5		0
65		60		38		0		2		0
66		51		38		1		2		0
67		30		39		1		5		0
68		54		39		2		2		0
69		60		39		0		2		0
70		31		40		1		5		0
71		32		40		0		5		0
72		57		40		2		2		0
73		33		41		0		5		0
74		34		41		2		5		0
75		60		41		1		2		0
76		35		42		1		5		0
77		36		42		2		5		0
78		55		42		0		2		0
79		37		43		2		5		0
80		38		43		0		5		0
81		51		43		1		2		0
82		39		44		2		5		0
83		40		44		0		5		0
84		54		44		1		2		0
85		41		45		0		5		0
86		42		45		1		5		0
87		59		45		2		2		0
88		43		46		0		5		0
89		44		46		1		5		0
90		60		46		2		2		0
91		45		47		0		5		0
92		46		47		1		5		0
93		53		47		2		2		0
94		47		48		0		5		0
95		48		48		1		5		0
96		57		48		2		2		0
97		49		49		2		5		0
98		50		49		0		5		0
99		58		49		1		2		0
