U_50_7.txt

VEHICLE     CAPACITY  LOCATIONS  CUSTOMER  OPTIONS  PRIORITIES  NUMTYPS
10		150		61		50		100		3		4

CUSTOMER  DEMAND
0	 10
1	 16
2	 10
3	 11
4	 19
5	 15
6	 11
7	 20
8	 20
9	 18
10	 12
11	 10
12	 18
13	 16
14	 13
15	 20
16	 12
17	 17
18	 10
19	 13
20	 19
21	 16
22	 13
23	 15
24	 11
25	 19
26	 16
27	 10
28	 12
29	 17
30	 20
31	 14
32	 17
33	 18
34	 15
35	 10
36	 11
37	 15
38	 14
39	 16
40	 20
41	 12
42	 18
43	 10
44	 12
45	 15
46	 11
47	 14
48	 11
49	 12

LOCATION  XCOORD  YCOORD  CAP  READY  DUE  TYP  SERVICETIME
0		45		24		-1		0		720	 0		0
1		11		44		-1		512		632		 2		6
2		43		16		-1		563		683		 2		6
3		19		31		-1		360		720		 2		6
4		19		45		-1		47		167		 2		6
5		39		21		-1		395		635		 2		6
6		43		29		-1		387		627		 2		6
7		1		18		-1		360		720		 2		6
8		36		24		-1		73		193		 2		6
9		18		19		-1		0		360		 2		6
10		17		46		-1		0		360		 2		6
11		43		23		-1		185		425		 2		6
12		5		32		-1		376		496		 2		6
13		32		48		-1		0		360		 2		6
14		10		9		-1		516		636		 2		6
15		34		8		-1		130		250		 2		6
16		42		30		-1		360		720		 2		6
17		36		25		-1		360		720		 2		6
18		11		1		-1		256		496		 2		6
19		42		32		-1		203		443		 2		6
20		13		28		-1		0		360		 2		6
21		32		10		-1		219		339		 2		6
22		36		32		-1		360		720		 2		6
23		26		45		-1		0		360		 2		6
24		39		27		-1		64		304		 2		6
25		19		15		-1		382		502		 2		6
26		37		2		-1		141		261		 2		6
27		42		44		-1		137		257		 2		6
28		44		37		-1		0		360		 2		6
29		30		37		-1		540		660		 2		6
30		20		46		-1		441		561		 2		6
31		21		23		-1		0		360		 2		6
32		34		32		-1		468		588		 2		6
33		10		21		-1		159		279		 2		6
34		42		3		-1		334		574		 2		6
35		1		49		-1		360		720		 2		6
36		49		22		-1		4		244		 2		6
37		5		15		-1		15		135		 2		6
38		30		30		-1		184		304		 2		6
39		20		47		-1		64		304		 2		6
40		7		14		-1		377		497		 2		6
41		17		29		-1		182		422		 2		6
42		2		7		-1		172		292		 2		6
43		8		15		-1		504		624		 2		6
44		9		41		-1		566		686		 2		6
45		48		24		-1		360		720		 2		6
46		9		27		-1		0		360		 2		6
47		6		19		-1		406		646		 2		6
48		15		15		-1		582		702		 2		6
49		44		49		-1		327		567		 2		6
50		42		19		-1		0		360		 2		6
51		45		15		5		142		622		 1		4
52		27		22		4		0		720		 1		4
53		5		7		5		0		720		 1		4
54		24		35		5		170		650		 1		4
55		12		27		3		0		720		 1		4
56		24		42		5		9		489		 1		4
57		35		35		5		228		708		 1		4
58		21		21		5		0		720		 1		4
59		19		12		5		25		505		 1		4
60		34		10		4		0		720		 1		4
OPTION  LOCATION  CUSTOMER  PRIO  SERVICETIME   COST
0		60		0		0		2		0
1		58		1		0		2		0
2		58		2		0		2		0
3		54		3		0		2		0
4		56		4		0		2		0
5		53		5		0		2		0
6		53		6		0		2		0
7		51		7		0		2		0
8		54		8		0		2		0
9		52		9		0		2		0
10		1		10		0		5		0
11		2		11		0		5		0
12		3		12		0		5		0
13		4		13		0		5		0
14		5		14		0		5		0
15		6		15		0		5		0
16		7		16		0		5		0
17		8		17		0		5		0
18		9		18		0		5		0
19		10		19		0		5		0
20		11		20		0		5		0
21		51		20		1		2		0
22		12		21		1		5		0
23		59		21		0		2		0
24		13		22		0		5		0
25		57		22		1		2		0
26		14		23		1		5		0
27		59		23		0		2		0
28		15		24		0		5		0
29		59		24		1		2		0
30		16		25		1		5		0
31		59		25		0		2		0
32		17		26		0		5		0
33		60		26		1		2		0
34		18		27		1		5		0
35		59		27		0		2		0
36		19		28		1		5		0
37		54		28		0		2		0
38		20		29		0		5		0
39		52		29		1		2		0
40		21		30		1		5		0
41		58		30		2		2		0
42		51		30		0		2		0
43		22		31		2		5		0
44		59		31		1		2		0
45		55		31		0		2		0
46		23		32		1		5		0
47		53		32		0		2		0
48		58		32		2		2		0
49		24		33		2		5		0
50		52		33		0		2		0
51		59		33		1		2		0
52		25		34		1		5		0
53		60		34		0		2		0
54		55		34		2		2		0
55		26		35		2		5		0
56		58		35		1		2		0
57		59		35		0		2		0
58		27		36		0		5		0
59		57		36		1		2		0
60		52		36		2		2		0
61		28		37		2		5		0
62		51		37		0		2		0
63		59		37		1		2		0
64		29		38		2		5		0
65		56		38		0		2		0
66		54		38		1		2		0
67		30		39		0		5		0
68		54		39		2		2		0
69		57		39		1		2		0
70		31		40		0		5		0
71		32		40		1		5		0
72		58		40		2		2		0
73		33		41		2		5		0
74		34		41		1		5		0
75		53		41		0		2		0
76		35		42		1		5		0
77		36		42		2		5		0
78		60		42		0		2		0
79		37		43		1		5		0
80		38		43		0		5		0
81		54		43		2		2		0
82		39		44		1		5		0
83		40		44		0		5		0
84		55		44		2		2		0
85		41		45		1		5		0
86		42		45		0		5		0
87		54		45		2		2		0
88		43		46		0		5		0
89		44		46		1		5		0
90		53		46		2		2		0
91		45		47		1		5		0
92		46		47		0		5		0
93		54		47		2		2		0
94		47		48		2		5		0
95		48		48		1		5		0
96		55		48		0		2		0
97		49		49		0		5		0
98		50		49		1		5		0
99		51		49		2		2		0
