U_50_4.txt

VEHICLE     CAPACITY  LOCATIONS  CUSTOMER  OPTIONS  PRIORITIES  NUMTYPS
10		150		61		50		100		3		4

CUSTOMER  DEMAND
0	 15
1	 14
2	 10
3	 10
4	 12
5	 12
6	 15
7	 13
8	 15
9	 13
10	 20
11	 15
12	 12
13	 19
14	 18
15	 19
16	 12
17	 11
18	 14
19	 20
20	 10
21	 20
22	 14
23	 16
24	 14
25	 12
26	 15
27	 14
28	 14
29	 17
30	 12
31	 20
32	 17
33	 19
34	 16
35	 16
36	 11
37	 18
38	 17
39	 18
40	 14
41	 12
42	 14
43	 15
44	 10
45	 15
46	 16
47	 20
48	 19
49	 16

LOCATION  XCOORD  YCOORD  CAP  READY  DUE  TYP  SERVICETIME
0		1		28		-1		0		720	 0		0
1		11		22		-1		0		360		 2		6
2		27		36		-1		115		235		 2		6
3		29		7		-1		517		637		 2		6
4		36		47		-1		372		492		 2		6
5		35		40		-1		0		360		 2		6
6		13		12		-1		0		360		 2		6
7		44		21		-1		166		286		 2		6
8		1		20		-1		264		504		 2		6
9		17		46		-1		274		514		 2		6
10		21		15		-1		225		345		 2		6
11		41		29		-1		360		720		 2		6
12		48		19		-1		360		720		 2		6
13		9		47		-1		360		720		 2		6
14		5		3		-1		286		526		 2		6
15		31		48		-1		55		175		 2		6
16		5		20		-1		379		619		 2		6
17		13		35		-1		0		360		 2		6
18		34		50		-1		561		681		 2		6
19		15		9		-1		559		679		 2		6
20		25		30		-1		470		590		 2		6
21		33		32		-1		0		360		 2		6
22		44		10		-1		148		388		 2		6
23		8		31		-1		565		685		 2		6
24		6		13		-1		425		665		 2		6
25		29		1		-1		88		328		 2		6
26		49		5		-1		96		336		 2		6
27		46		45		-1		360		720		 2		6
28		31		36		-1		48		288		 2		6
29		26		23		-1		138		378		 2		6
30		8		7		-1		256		496		 2		6
31		49		11		-1		0		360		 2		6
32		43		2		-1		575		695		 2		6
33		42		32		-1		0		360		 2		6
34		14		11		-1		0		360		 2		6
35		40		34		-1		587		707		 2		6
36		11		32		-1		172		292		 2		6
37		3		6		-1		402		522		 2		6
38		20		22		-1		17		137		 2		6
39		27		48		-1		227		347		 2		6
40		33		29		-1		360		600		 2		6
41		16		9		-1		360		720		 2		6
42		49		34		-1		274		514		 2		6
43		50		43		-1		355		595		 2		6
44		14		31		-1		70		310		 2		6
45		3		16		-1		360		720		 2		6
46		47		14		-1		360		720		 2		6
47		14		3		-1		281		521		 2		6
48		33		4		-1		0		360		 2		6
49		30		15		-1		551		671		 2		6
50		41		33		-1		0		360		 2		6
51		44		6		3		0		720		 1		4
52		37		13		5		202		682		 1		4
53		35		5		5		94		574		 1		4
54		40		15		3		0		720		 1		4
55		26		19		5		0		720		 1		4
56		41		21		3		0		720		 1		4
57		27		5		5		99		579		 1		4
58		6		34		4		0		720		 1		4
59		18		17		3		0		720		 1		4
60		17		11		4		0		720		 1		4
OPTION  LOCATION  CUSTOMER  PRIO  SERVICETIME   COST
0		53		0		0		2		0
1		54		1		0		2		0
2		60		2		0		2		0
3		55		3		0		2		0
4		57		4		0		2		0
5		60		5		0		2		0
6		56		6		0		2		0
7		52		7		0		2		0
8		52		8		0		2		0
9		60		9		0		2		0
10		1		10		0		5		0
11		2		11		0		5		0
12		3		12		0		5		0
13		4		13		0		5		0
14		5		14		0		5		0
15		6		15		0		5		0
16		7		16		0		5		0
17		8		17		0		5		0
18		9		18		0		5		0
19		10		19		0		5		0
20		11		20		1		5		0
21		60		20		0		2		0
22		12		21		1		5		0
23		52		21		0		2		0
24		13		22		1		5		0
25		51		22		0		2		0
26		14		23		1		5		0
27		53		23		0		2		0
28		15		24		0		5		0
29		55		24		1		2		0
30		16		25		0		5		0
31		53		25		1		2		0
32		17		26		0		5		0
33		56		26		1		2		0
34		18		27		0		5		0
35		59		27		1		2		0
36		19		28		1		5		0
37		57		28		0		2		0
38		20		29		0		5		0
39		52		29		1		2		0
40		21		30		0		5		0
41		52		30		1		2		0
42		55		30		2		2		0
43		22		31		1		5		0
44		54		31		0		2		0
45		52		31		2		2		0
46		23		32		0		5		0
47		56		32		1		2		0
48		51		32		2		2		0
49		24		33		1		5		0
50		59		33		2		2		0
51		58		33		0		2		0
52		25		34		0		5		0
53		51		34		2		2		0
54		60		34		1		2		0
55		26		35		0		5		0
56		54		35		1		2		0
57		60		35		2		2		0
58		27		36		2		5		0
59		54		36		0		2		0
60		51		36		1		2		0
61		28		37		0		5		0
62		59		37		1		2		0
63		52		37		2		2		0
64		29		38		1		5		0
65		60		38		2		2		0
66		52		38		0		2		0
67		30		39		1		5		0
68		55		39		2		2		0
69		56		39		0		2		0
70		31		40		0		5		0
71		32		40		1		5		0
72		58		40		2		2		0
73		33		41		1		5		0
74		34		41		0		5		0
75		60		41		2		2		0
76		35		42		2		5		0
77		36		42		0		5		0
78		56		42		1		2		0
79		37		43		1		5		0
80		38		43		0		5		0
81		57		43		2		2		0
82		39		44		2		5		0
83		40		44		0		5		0
84		55		44		1		2		0
85		41		45		2		5		0
86		42		45		0		5		0
87		56		45		1		2		0
88		43		46		2		5		0
89		44		46		0		5		0
90		60		46		1		2		0
91		45		47		1		5		0
92		46		47		0		5		0
93		56		47		2		2		0
94		47		48		2		5		0
95		48		48		0		5		0
96		57		48		1		2		0
97		49		49		2		5		0
98		50		49		1		5		0
99		54		49		0		2		0
