UBC_50_7.txt

VEHICLE     CAPACITY  LOCATIONS  CUSTOMER  OPTIONS  PRIORITIES  NUMTYPS
10		400		53		50		100		3		4

CUSTOMER  DEMAND
0	 19
1	 17
2	 10
3	 11
4	 10
5	 15
6	 17
7	 19
8	 18
9	 15
10	 20
11	 11
12	 15
13	 14
14	 14
15	 18
16	 13
17	 19
18	 11
19	 13
20	 11
21	 12
22	 18
23	 10
24	 20
25	 11
26	 12
27	 18
28	 14
29	 14
30	 16
31	 17
32	 15
33	 17
34	 18
35	 17
36	 14
37	 12
38	 19
39	 13
40	 11
41	 12
42	 12
43	 15
44	 17
45	 10
46	 13
47	 20
48	 10
49	 11

LOCATION  XCOORD  YCOORD  CAP  READY  DUE  TYP  SERVICETIME
0		11		37		-1		0		720	 0		0
1		45		2		-1		44		164		 2		6
2		11		20		-1		0		360		 2		6
3		20		3		-1		360		720		 2		6
4		3		23		-1		0		360		 2		6
5		35		46		-1		323		563		 2		6
6		19		24		-1		360		720		 2		6
7		39		1		-1		578		698		 2		6
8		16		37		-1		370		610		 2		6
9		46		43		-1		0		360		 2		6
10		3		16		-1		147		267		 2		6
11		1		14		-1		176		296		 2		6
12		22		29		-1		360		720		 2		6
13		44		35		-1		360		720		 2		6
14		10		46		-1		543		663		 2		6
15		31		49		-1		0		360		 2		6
16		10		45		-1		407		647		 2		6
17		36		50		-1		360		720		 2		6
18		10		6		-1		0		360		 2		6
19		34		31		-1		268		508		 2		6
20		29		34		-1		0		360		 2		6
21		37		4		-1		288		528		 2		6
22		44		23		-1		360		720		 2		6
23		41		37		-1		109		229		 2		6
24		1		49		-1		170		290		 2		6
25		37		7		-1		0		360		 2		6
26		35		11		-1		106		226		 2		6
27		30		43		-1		89		209		 2		6
28		34		45		-1		58		178		 2		6
29		50		19		-1		173		293		 2		6
30		16		31		-1		55		295		 2		6
31		25		8		-1		471		591		 2		6
32		2		39		-1		360		720		 2		6
33		38		27		-1		0		360		 2		6
34		34		13		-1		0		360		 2		6
35		34		29		-1		360		720		 2		6
36		14		18		-1		78		318		 2		6
37		15		14		-1		360		720		 2		6
38		18		17		-1		360		720		 2		6
39		18		50		-1		99		339		 2		6
40		34		48		-1		174		294		 2		6
41		37		23		-1		185		425		 2		6
42		44		8		-1		360		720		 2		6
43		33		25		-1		360		720		 2		6
44		30		38		-1		515		635		 2		6
45		3		31		-1		0		360		 2		6
46		16		32		-1		465		585		 2		6
47		27		48		-1		357		597		 2		6
48		29		39		-1		210		330		 2		6
49		19		41		-1		183		303		 2		6
50		36		4		-1		309		549		 2		6
51		30		17		30		0		720		 1		4
52		31		32		22		0		720		 1		4
OPTION  LOCATION  CUSTOMER  PRIO  SERVICETIME   COST
0		51		0		0		2		0
1		51		1		0		2		0
2		51		2		0		2		0
3		51		3		0		2		0
4		52		4		0		2		0
5		51		5		0		2		0
6		52		6		0		2		0
7		52		7		0		2		0
8		52		8		0		2		0
9		52		9		0		2		0
10		1		10		0		5		0
11		2		11		0		5		0
12		3		12		0		5		0
13		4		13		0		5		0
14		5		14		0		5		0
15		6		15		0		5		0
16		7		16		0		5		0
17		8		17		0		5		0
18		9		18		0		5		0
19		10		19		0		5		0
20		11		20		0		5		0
21		51		20		1		2		0
22		12		21		0		5		0
23		52		21		1		2		0
24		13		22		0		5		0
25		52		22		1		2		0
26		14		23		0		5		0
27		52		23		1		2		0
28		15		24		1		5		0
29		51		24		0		2		0
30		16		25		0		5		0
31		51		25		1		2		0
32		17		26		1		5		0
33		51		26		0		2		0
34		18		27		1		5		0
35		52		27		0		2		0
36		19		28		1		5		0
37		52		28		0		2		0
38		20		29		1		5		0
39		51		29		0		2		0
40		21		30		2		5		0
41		51		30		1		2		0
42		52		30		0		2		0
43		22		31		1		5		0
44		51		31		0		2		0
45		52		31		2		2		0
46		23		32		0		5		0
47		52		32		1		2		0
48		51		32		2		2		0
49		24		33		0		5		0
50		52		33		2		2		0
51		51		33		1		2		0
52		25		34		2		5		0
53		52		34		0		2		0
54		51		34		1		2		0
55		26		35		0		5		0
56		52		35		2		2		0
57		51		35		1		2		0
58		27		36		0		5		0
59		52		36		1		2		0
60		51		36		2		2		0
61		28		37		0		5		0
62		51		37		1		2		0
63		52		37		2		2		0
64		29		38		0		5		0
65		51		38		1		2		0
66		52		38		2		2		0
67		30		39		2		5		0
68		51		39		0		2		0
69		52		39		1		2		0
70		31		40		2		5		0
71		32		40		0		5		0
72		51		40		1		2		0
73		33		41		2		5		0
74		34		41		1		5		0
75		51		41		0		2		0
76		35		42		0		5		0
77		36		42		1		5		0
78		51		42		2		2		0
79		37		43		1		5		0
80		38		43		2		5		0
81		51		43		0		2		0
82		39		44		1		5		0
83		40		44		0		5		0
84		51		44		2		2		0
85		41		45		0		5		0
86		42		45		1		5		0
87		52		45		2		2		0
88		43		46		2		5		0
89		44		46		1		5		0
90		52		46		0		2		0
91		45		47		1		5		0
92		46		47		2		5		0
93		52		47		0		2		0
94		47		48		1		5		0
95		48		48		0		5		0
96		52		48		2		2		0
97		49		49		0		5		0
98		50		49		2		5		0
99		51		49		1		2		0
