V_25small_10.txt

VEHICLE     CAPACITY  LOCATIONS  CUSTOMER  OPTIONS  PRIORITIES  NUMTYPS
10		150		25		25		38		3		4

CUSTOMER  DEMAND
0	 19
1	 12
2	 20
3	 13
4	 11
5	 16
6	 17
7	 19
8	 11
9	 12
10	 19
11	 19
12	 16
13	 10
14	 19
15	 12
16	 20
17	 11
18	 19
19	 12
20	 20
21	 19
22	 15
23	 16
24	 17

LOCATION  XCOORD  YCOORD  CAP  READY  DUE  TYP  SERVICETIME
0		6		46		-1		0		720	 0		0
1		26		23		-1		659		719		 2		6
2		15		8		-1		108		168		 2		6
3		43		27		-1		645		705		 2		6
4		11		12		-1		564		624		 2		6
5		2		36		-1		594		654		 2		6
6		42		32		-1		261		321		 2		6
7		14		11		-1		170		230		 2		6
8		40		34		-1		434		494		 2		6
9		48		11		-1		429		489		 2		6
10		2		36		-1		66		126		 2		6
11		6		39		-1		142		202		 2		6
12		20		22		-1		33		93		 2		6
13		4		27		-1		632		692		 2		6
14		3		48		-1		437		497		 2		6
15		29		49		-1		503		563		 2		6
16		16		9		-1		383		443		 2		6
17		49		34		-1		605		665		 2		6
18		29		50		-1		572		632		 2		6
19		50		37		-1		196		256		 2		6
20		29		40		3		70		310		 1		4
21		17		28		3		445		685		 1		4
22		29		16		5		26		266		 1		4
23		28		31		4		36		276		 1		4
24		29		17		5		312		552		 1		4
OPTION  LOCATION  CUSTOMER  PRIO  SERVICETIME   COST
0		24		0		0		2		0
1		23		1		0		2		0
2		21		2		0		2		0
3		24		3		0		2		0
4		20		4		0		2		0
5		20		5		0		2		0
6		1		6		0		5		0
7		2		7		0		5		0
8		3		8		0		5		0
9		4		9		0		5		0
10		5		10		0		5		0
11		6		11		0		5		0
12		7		12		1		5		0
13		24		12		0		2		0
14		8		13		1		5		0
15		20		13		0		2		0
16		9		14		0		5		0
17		22		14		1		2		0
18		10		15		1		5		0
19		20		15		0		2		0
20		11		16		0		5		0
21		22		16		1		2		0
22		12		17		1		5		0
23		23		17		0		2		0
24		13		18		0		5		0
25		24		18		1		2		0
26		14		19		0		5		0
27		22		19		1		2		0
28		15		20		0		5		0
29		23		20		1		2		0
30		16		21		0		5		0
31		21		21		1		2		0
32		17		22		0		5		0
33		23		22		1		2		0
34		18		23		0		5		0
35		22		23		1		2		0
36		19		24		0		5		0
37		24		24		1		2		0
