V_25small_2.txt

VEHICLE     CAPACITY  LOCATIONS  CUSTOMER  OPTIONS  PRIORITIES  NUMTYPS
10		150		25		25		38		3		4

CUSTOMER  DEMAND
0	 13
1	 11
2	 19
3	 11
4	 11
5	 17
6	 13
7	 18
8	 16
9	 15
10	 19
11	 17
12	 15
13	 11
14	 16
15	 14
16	 10
17	 18
18	 11
19	 12
20	 12
21	 11
22	 10
23	 18
24	 14

LOCATION  XCOORD  YCOORD  CAP  READY  DUE  TYP  SERVICETIME
0		38		8		-1		0		720	 0		0
1		13		20		-1		459		519		 2		6
2		36		14		-1		200		260		 2		6
3		8		27		-1		125		185		 2		6
4		11		26		-1		52		112		 2		6
5		42		44		-1		114		174		 2		6
6		44		17		-1		435		495		 2		6
7		45		21		-1		590		650		 2		6
8		26		1		-1		473		533		 2		6
9		25		15		-1		273		333		 2		6
10		13		4		-1		592		652		 2		6
11		34		31		-1		633		693		 2		6
12		22		39		-1		519		579		 2		6
13		38		31		-1		507		567		 2		6
14		40		8		-1		324		384		 2		6
15		36		1		-1		150		210		 2		6
16		12		5		-1		364		424		 2		6
17		37		44		-1		445		505		 2		6
18		27		18		-1		198		258		 2		6
19		5		33		-1		309		369		 2		6
20		15		43		4		240		480		 1		4
21		27		37		3		174		414		 1		4
22		6		18		5		394		634		 1		4
23		41		36		5		381		621		 1		4
24		5		36		3		176		416		 1		4
OPTION  LOCATION  CUSTOMER  PRIO  SERVICETIME   COST
0		23		0		0		2		0
1		23		1		0		2		0
2		24		2		0		2		0
3		24		3		0		2		0
4		20		4		0		2		0
5		21		5		0		2		0
6		1		6		0		5		0
7		2		7		0		5		0
8		3		8		0		5		0
9		4		9		0		5		0
10		5		10		0		5		0
11		6		11		0		5		0
12		7		12		0		5		0
13		20		12		1		2		0
14		8		13		1		5		0
15		23		13		0		2		0
16		9		14		1		5		0
17		20		14		0		2		0
18		10		15		1		5		0
19		22		15		0		2		0
20		11		16		0		5		0
21		21		16		1		2		0
22		12		17		1		5		0
23		20		17		0		2		0
24		13		18		1		5		0
25		22		18		0		2		0
26		14		19		0		5		0
27		24		19		1		2		0
28		15		20		1		5		0
29		24		20		0		2		0
30		16		21		1		5		0
31		21		21		0		2		0
32		17		22		0		5		0
33		22		22		1		2		0
34		18		23		0		5		0
35		20		23		1		2		0
36		19		24		1		5		0
37		24		24		0		2		0
