V_25small_9.txt

VEHICLE     CAPACITY  LOCATIONS  CUSTOMER  OPTIONS  PRIORITIES  NUMTYPS
10		150		25		25		38		3		4

CUSTOMER  DEMAND
0	 15
1	 16
2	 20
3	 20
4	 17
5	 15
6	 14
7	 16
8	 20
9	 17
10	 12
11	 12
12	 12
13	 15
14	 11
15	 13
16	 16
17	 14
18	 17
19	 17
20	 13
21	 19
22	 15
23	 11
24	 14

LOCATION  XCOORD  YCOORD  CAP  READY  DUE  TYP  SERVICETIME
0		30		3		-1		0		720	 0		0
1		16		41		-1		46		106		 2		6
2		20		32		-1		113		173		 2		6
3		20		25		-1		295		355		 2		6
4		1		2		-1		153		213		 2		6
5		14		26		-1		224		284		 2		6
6		26		17		-1		637		697		 2		6
7		25		10		-1		577		637		 2		6
8		40		44		-1		175		235		 2		6
9		7		22		-1		636		696		 2		6
10		2		46		-1		311		371		 2		6
11		30		23		-1		191		251		 2		6
12		24		20		-1		283		343		 2		6
13		35		10		-1		629		689		 2		6
14		36		44		-1		383		443		 2		6
15		32		7		-1		493		553		 2		6
16		33		40		-1		288		348		 2		6
17		11		22		-1		351		411		 2		6
18		4		26		-1		414		474		 2		6
19		50		43		-1		379		439		 2		6
20		27		5		4		105		345		 1		4
21		13		27		3		339		579		 1		4
22		24		28		5		61		301		 1		4
23		31		33		5		446		686		 1		4
24		7		33		3		380		620		 1		4
OPTION  LOCATION  CUSTOMER  PRIO  SERVICETIME   COST
0		21		0		0		2		0
1		21		1		0		2		0
2		21		2		0		2		0
3		24		3		0		2		0
4		22		4		0		2		0
5		20		5		0		2		0
6		1		6		0		5		0
7		2		7		0		5		0
8		3		8		0		5		0
9		4		9		0		5		0
10		5		10		0		5		0
11		6		11		0		5		0
12		7		12		0		5		0
13		22		12		1		2		0
14		8		13		1		5		0
15		21		13		0		2		0
16		9		14		0		5		0
17		22		14		1		2		0
18		10		15		1		5		0
19		20		15		0		2		0
20		11		16		1		5		0
21		21		16		0		2		0
22		12		17		0		5		0
23		20		17		1		2		0
24		13		18		1		5		0
25		21		18		0		2		0
26		14		19		0		5		0
27		21		19		1		2		0
28		15		20		0		5		0
29		24		20		1		2		0
30		16		21		1		5		0
31		23		21		0		2		0
32		17		22		0		5		0
33		22		22		1		2		0
34		18		23		1		5		0
35		22		23		0		2		0
36		19		24		1		5		0
37		23		24		0		2		0
