V_25small_8.txt

VEHICLE     CAPACITY  LOCATIONS  CUSTOMER  OPTIONS  PRIORITIES  NUMTYPS
10		150		25		25		38		3		4

CUSTOMER  DEMAND
0	 16
1	 14
2	 11
3	 17
4	 14
5	 19
6	 13
7	 17
8	 20
9	 20
10	 14
11	 12
12	 12
13	 14
14	 18
15	 20
16	 10
17	 10
18	 13
19	 17
20	 19
21	 16
22	 16
23	 18
24	 13

LOCATION  XCOORD  YCOORD  CAP  READY  DUE  TYP  SERVICETIME
0		18		7		-1		0		720	 0		0
1		11		43		-1		527		587		 2		6
2		23		10		-1		106		166		 2		6
3		1		14		-1		486		546		 2		6
4		37		40		-1		193		253		 2		6
5		44		17		-1		344		404		 2		6
6		14		6		-1		222		282		 2		6
7		45		43		-1		108		168		 2		6
8		30		26		-1		499		559		 2		6
9		5		45		-1		227		287		 2		6
10		3		22		-1		234		294		 2		6
11		6		19		-1		478		538		 2		6
12		8		26		-1		302		362		 2		6
13		6		31		-1		586		646		 2		6
14		47		7		-1		86		146		 2		6
15		42		7		-1		590		650		 2		6
16		22		41		-1		641		701		 2		6
17		40		36		-1		222		282		 2		6
18		36		46		-1		533		593		 2		6
19		12		42		-1		116		176		 2		6
20		31		43		3		365		605		 1		4
21		21		20		4		382		622		 1		4
22		33		22		4		353		593		 1		4
23		7		23		4		63		303		 1		4
24		12		27		5		202		442		 1		4
OPTION  LOCATION  CUSTOMER  PRIO  SERVICETIME   COST
0		23		0		0		2		0
1		22		1		0		2		0
2		21		2		0		2		0
3		23		3		0		2		0
4		23		4		0		2		0
5		20		5		0		2		0
6		1		6		0		5		0
7		2		7		0		5		0
8		3		8		0		5		0
9		4		9		0		5		0
10		5		10		0		5		0
11		6		11		0		5		0
12		7		12		1		5		0
13		21		12		0		2		0
14		8		13		1		5		0
15		24		13		0		2		0
16		9		14		1		5		0
17		20		14		0		2		0
18		10		15		1		5		0
19		22		15		0		2		0
20		11		16		0		5		0
21		23		16		1		2		0
22		12		17		1		5		0
23		20		17		0		2		0
24		13		18		1		5		0
25		22		18		0		2		0
26		14		19		0		5		0
27		20		19		1		2		0
28		15		20		1		5		0
29		21		20		0		2		0
30		16		21		1		5		0
31		24		21		0		2		0
32		17		22		0		5		0
33		21		22		1		2		0
34		18		23		1		5		0
35		22		23		0		2		0
36		19		24		1		5		0
37		21		24		0		2		0
