U_25_1.txt

VEHICLE     CAPACITY  LOCATIONS  CUSTOMER  OPTIONS  PRIORITIES  NUMTYPS
10		150		31		25		50		3		4

CUSTOMER  DEMAND
0	 13
1	 17
2	 10
3	 19
4	 15
5	 16
6	 19
7	 12
8	 20
9	 13
10	 17
11	 15
12	 15
13	 12
14	 12
15	 16
16	 19
17	 12
18	 17
19	 15
20	 15
21	 11
22	 10
23	 15
24	 18

LOCATION  XCOORD  YCOORD  CAP  READY  DUE  TYP  SERVICETIME
0		34		40		-1		0		720	 0		0
1		20		13		-1		392		512		 2		6
2		27		18		-1		184		424		 2		6
3		41		31		-1		585		705		 2		6
4		2		50		-1		453		693		 2		6
5		4		4		-1		399		639		 2		6
6		5		7		-1		367		487		 2		6
7		43		48		-1		478		598		 2		6
8		39		19		-1		118		238		 2		6
9		36		1		-1		78		198		 2		6
10		45		15		-1		490		610		 2		6
11		24		6		-1		0		360		 2		6
12		39		38		-1		11		131		 2		6
13		25		35		-1		82		202		 2		6
14		3		50		-1		360		720		 2		6
15		33		45		-1		360		720		 2		6
16		36		2		-1		108		228		 2		6
17		36		30		-1		0		360		 2		6
18		8		34		-1		360		720		 2		6
19		14		13		-1		431		671		 2		6
20		29		20		-1		478		598		 2		6
21		3		8		-1		93		213		 2		6
22		48		22		-1		109		229		 2		6
23		29		46		-1		0		360		 2		6
24		45		23		-1		199		439		 2		6
25		39		32		-1		234		354		 2		6
26		31		41		2		0		720		 1		4
27		33		44		4		175		655		 1		4
28		36		18		4		122		602		 1		4
29		18		45		3		0		720		 1		4
30		22		38		3		0		720		 1		4
OPTION  LOCATION  CUSTOMER  PRIO  SERVICETIME   COST
0		27		0		0		2		0
1		30		1		0		2		0
2		30		2		0		2		0
3		30		3		0		2		0
4		28		4		0		2		0
5		1		5		0		5		0
6		2		6		0		5		0
7		3		7		0		5		0
8		4		8		0		5		0
9		5		9		0		5		0
10		6		10		0		5		0
11		30		10		1		2		0
12		7		11		0		5		0
13		26		11		1		2		0
14		8		12		1		5		0
15		26		12		0		2		0
16		9		13		0		5		0
17		30		13		1		2		0
18		10		14		1		5		0
19		27		14		0		2		0
20		11		15		0		5		0
21		29		15		1		2		0
22		28		15		2		2		0
23		12		16		0		5		0
24		29		16		1		2		0
25		26		16		2		2		0
26		13		17		0		5		0
27		29		17		2		2		0
28		28		17		1		2		0
29		14		18		0		5		0
30		27		18		1		2		0
31		29		18		2		2		0
32		15		19		2		5		0
33		26		19		0		2		0
34		27		19		1		2		0
35		16		20		1		5		0
36		17		20		2		5		0
37		26		20		0		2		0
38		18		21		1		5		0
39		19		21		2		5		0
40		28		21		0		2		0
41		20		22		0		5		0
42		21		22		1		5		0
43		26		22		2		2		0
44		22		23		1		5		0
45		23		23		2		5		0
46		30		23		0		2		0
47		24		24		2		5		0
48		25		24		1		5		0
49		29		24		0		2		0
