U_25small_9.txt

VEHICLE     CAPACITY  LOCATIONS  CUSTOMER  OPTIONS  PRIORITIES  NUMTYPS
10		150		31		25		50		3		4

CUSTOMER  DEMAND
0	 11
1	 13
2	 18
3	 11
4	 20
5	 14
6	 15
7	 11
8	 16
9	 12
10	 20
11	 18
12	 16
13	 15
14	 10
15	 10
16	 15
17	 11
18	 10
19	 10
20	 20
21	 16
22	 19
23	 19
24	 11

LOCATION  XCOORD  YCOORD  CAP  READY  DUE  TYP  SERVICETIME
0		5		16		-1		0		720	 0		0
1		39		18		-1		118		178		 2		6
2		48		37		-1		240		300		 2		6
3		32		46		-1		623		683		 2		6
4		50		16		-1		556		616		 2		6
5		35		45		-1		69		129		 2		6
6		2		23		-1		232		292		 2		6
7		19		12		-1		335		395		 2		6
8		38		46		-1		33		93		 2		6
9		35		19		-1		495		555		 2		6
10		16		21		-1		630		690		 2		6
11		8		11		-1		36		96		 2		6
12		22		9		-1		233		293		 2		6
13		46		17		-1		569		629		 2		6
14		38		8		-1		151		211		 2		6
15		37		41		-1		645		705		 2		6
16		19		9		-1		41		101		 2		6
17		12		13		-1		118		178		 2		6
18		28		38		-1		261		321		 2		6
19		47		28		-1		246		306		 2		6
20		36		39		-1		288		348		 2		6
21		21		16		-1		68		128		 2		6
22		10		42		-1		110		170		 2		6
23		6		45		-1		609		669		 2		6
24		35		44		-1		296		356		 2		6
25		5		7		-1		88		148		 2		6
26		43		45		3		258		498		 1		4
27		10		6		4		10		250		 1		4
28		5		26		3		410		650		 1		4
29		38		28		3		22		262		 1		4
30		5		21		5		81		321		 1		4
OPTION  LOCATION  CUSTOMER  PRIO  SERVICETIME   COST
0		29		0		0		2		0
1		26		1		0		2		0
2		29		2		0		2		0
3		29		3		0		2		0
4		26		4		0		2		0
5		1		5		0		5		0
6		2		6		0		5		0
7		3		7		0		5		0
8		4		8		0		5		0
9		5		9		0		5		0
10		6		10		1		5		0
11		29		10		0		2		0
12		7		11		0		5		0
13		26		11		1		2		0
14		8		12		0		5		0
15		29		12		1		2		0
16		9		13		0		5		0
17		29		13		1		2		0
18		10		14		0		5		0
19		26		14		1		2		0
20		11		15		1		5		0
21		28		15		2		2		0
22		26		15		0		2		0
23		12		16		2		5		0
24		26		16		1		2		0
25		30		16		0		2		0
26		13		17		1		5		0
27		26		17		0		2		0
28		28		17		2		2		0
29		14		18		0		5		0
30		27		18		1		2		0
31		28		18		2		2		0
32		15		19		1		5		0
33		29		19		0		2		0
34		30		19		2		2		0
35		16		20		2		5		0
36		17		20		1		5		0
37		26		20		0		2		0
38		18		21		1		5		0
39		19		21		2		5		0
40		30		21		0		2		0
41		20		22		2		5		0
42		21		22		1		5		0
43		27		22		0		2		0
44		22		23		1		5		0
45		23		23		0		5		0
46		26		23		2		2		0
47		24		24		0		5		0
48		25		24		2		5		0
49		30		24		1		2		0
