U_25small_6.txt

VEHICLE     CAPACITY  LOCATIONS  CUSTOMER  OPTIONS  PRIORITIES  NUMTYPS
10		150		31		25		50		3		4

CUSTOMER  DEMAND
0	 14
1	 15
2	 16
3	 10
4	 15
5	 12
6	 13
7	 14
8	 17
9	 11
10	 18
11	 18
12	 18
13	 14
14	 12
15	 18
16	 15
17	 19
18	 19
19	 14
20	 18
21	 13
22	 20
23	 16
24	 16

LOCATION  XCOORD  YCOORD  CAP  READY  DUE  TYP  SERVICETIME
0		28		16		-1		0		720	 0		0
1		31		10		-1		381		441		 2		6
2		44		30		-1		503		563		 2		6
3		38		21		-1		38		98		 2		6
4		21		10		-1		182		242		 2		6
5		29		36		-1		573		633		 2		6
6		16		2		-1		107		167		 2		6
7		5		13		-1		501		561		 2		6
8		45		41		-1		362		422		 2		6
9		13		15		-1		178		238		 2		6
10		20		41		-1		531		591		 2		6
11		45		33		-1		339		399		 2		6
12		39		9		-1		122		182		 2		6
13		8		23		-1		576		636		 2		6
14		22		39		-1		212		272		 2		6
15		6		25		-1		479		539		 2		6
16		1		1		-1		571		631		 2		6
17		26		4		-1		510		570		 2		6
18		9		42		-1		350		410		 2		6
19		34		49		-1		473		533		 2		6
20		39		36		-1		304		364		 2		6
21		31		15		-1		368		428		 2		6
22		29		33		-1		599		659		 2		6
23		7		4		-1		655		715		 2		6
24		43		15		-1		133		193		 2		6
25		31		1		-1		333		393		 2		6
26		28		7		5		145		385		 1		4
27		16		28		5		219		459		 1		4
28		20		12		3		290		530		 1		4
29		42		10		3		125		365		 1		4
30		8		24		3		6		246		 1		4
OPTION  LOCATION  CUSTOMER  PRIO  SERVICETIME   COST
0		29		0		0		2		0
1		29		1		0		2		0
2		26		2		0		2		0
3		26		3		0		2		0
4		26		4		0		2		0
5		1		5		0		5		0
6		2		6		0		5		0
7		3		7		0		5		0
8		4		8		0		5		0
9		5		9		0		5		0
10		6		10		1		5		0
11		27		10		0		2		0
12		7		11		0		5		0
13		27		11		1		2		0
14		8		12		1		5		0
15		26		12		0		2		0
16		9		13		0		5		0
17		27		13		1		2		0
18		10		14		0		5		0
19		26		14		1		2		0
20		11		15		1		5		0
21		26		15		2		2		0
22		30		15		0		2		0
23		12		16		0		5		0
24		27		16		1		2		0
25		26		16		2		2		0
26		13		17		1		5		0
27		28		17		2		2		0
28		29		17		0		2		0
29		14		18		2		5		0
30		29		18		0		2		0
31		28		18		1		2		0
32		15		19		0		5		0
33		27		19		1		2		0
34		26		19		2		2		0
35		16		20		1		5		0
36		17		20		2		5		0
37		28		20		0		2		0
38		18		21		2		5		0
39		19		21		1		5		0
40		30		21		0		2		0
41		20		22		2		5		0
42		21		22		0		5		0
43		28		22		1		2		0
44		22		23		2		5		0
45		23		23		0		5		0
46		28		23		1		2		0
47		24		24		1		5		0
48		25		24		2		5		0
49		28		24		0		2		0
