U_25small_2.txt

VEHICLE     CAPACITY  LOCATIONS  CUSTOMER  OPTIONS  PRIORITIES  NUMTYPS
10		150		31		25		50		3		4

CUSTOMER  DEMAND
0	 19
1	 18
2	 12
3	 18
4	 19
5	 18
6	 19
7	 15
8	 17
9	 12
10	 12
11	 11
12	 19
13	 19
14	 13
15	 16
16	 20
17	 13
18	 12
19	 11
20	 17
21	 15
22	 13
23	 19
24	 20

LOCATION  XCOORD  YCOORD  CAP  READY  DUE  TYP  SERVICETIME
0		35		49		-1		0		720	 0		0
1		50		7		-1		466		526		 2		6
2		24		12		-1		311		371		 2		6
3		4		30		-1		371		431		 2		6
4		24		16		-1		559		619		 2		6
5		16		27		-1		135		195		 2		6
6		41		32		-1		634		694		 2		6
7		40		6		-1		473		533		 2		6
8		7		38		-1		366		426		 2		6
9		10		24		-1		420		480		 2		6
10		47		34		-1		219		279		 2		6
11		9		8		-1		245		305		 2		6
12		16		27		-1		450		510		 2		6
13		20		33		-1		76		136		 2		6
14		17		11		-1		582		642		 2		6
15		28		24		-1		184		244		 2		6
16		12		26		-1		421		481		 2		6
17		26		3		-1		455		515		 2		6
18		46		16		-1		446		506		 2		6
19		26		43		-1		522		582		 2		6
20		20		47		-1		383		443		 2		6
21		3		21		-1		355		415		 2		6
22		11		14		-1		299		359		 2		6
23		15		42		-1		209		269		 2		6
24		47		16		-1		34		94		 2		6
25		23		37		-1		305		365		 2		6
26		37		38		3		39		279		 1		4
27		19		33		5		111		351		 1		4
28		9		15		4		364		604		 1		4
29		10		6		4		49		289		 1		4
30		27		20		3		66		306		 1		4
OPTION  LOCATION  CUSTOMER  PRIO  SERVICETIME   COST
0		26		0		0		2		0
1		28		1		0		2		0
2		30		2		0		2		0
3		26		3		0		2		0
4		28		4		0		2		0
5		1		5		0		5		0
6		2		6		0		5		0
7		3		7		0		5		0
8		4		8		0		5		0
9		5		9		0		5		0
10		6		10		1		5		0
11		28		10		0		2		0
12		7		11		1		5		0
13		28		11		0		2		0
14		8		12		0		5		0
15		29		12		1		2		0
16		9		13		0		5		0
17		30		13		1		2		0
18		10		14		0		5		0
19		27		14		1		2		0
20		11		15		1		5		0
21		30		15		2		2		0
22		26		15		0		2		0
23		12		16		2		5		0
24		28		16		1		2		0
25		27		16		0		2		0
26		13		17		0		5		0
27		26		17		2		2		0
28		30		17		1		2		0
29		14		18		2		5		0
30		27		18		1		2		0
31		30		18		0		2		0
32		15		19		2		5		0
33		29		19		0		2		0
34		28		19		1		2		0
35		16		20		0		5		0
36		17		20		1		5		0
37		28		20		2		2		0
38		18		21		0		5		0
39		19		21		1		5		0
40		30		21		2		2		0
41		20		22		2		5		0
42		21		22		0		5		0
43		29		22		1		2		0
44		22		23		1		5		0
45		23		23		2		5		0
46		27		23		0		2		0
47		24		24		0		5		0
48		25		24		1		5		0
49		29		24		2		2		0
