U_50medium_4.txt

VEHICLE     CAPACITY  LOCATIONS  CUSTOMER  OPTIONS  PRIORITIES  NUMTYPS
10		150		61		50		100		3		4

CUSTOMER  DEMAND
0	 15
1	 16
2	 10
3	 20
4	 16
5	 13
6	 20
7	 10
8	 20
9	 18
10	 13
11	 18
12	 10
13	 20
14	 15
15	 12
16	 14
17	 15
18	 17
19	 18
20	 18
21	 16
22	 19
23	 15
24	 13
25	 15
26	 10
27	 14
28	 12
29	 14
30	 12
31	 10
32	 18
33	 18
34	 14
35	 16
36	 20
37	 15
38	 12
39	 13
40	 12
41	 17
42	 17
43	 10
44	 17
45	 18
46	 13
47	 15
48	 16
49	 13

LOCATION  XCOORD  YCOORD  CAP  READY  DUE  TYP  SERVICETIME
0		18		22		-1		0		720	 0		0
1		34		29		-1		319		439		 2		6
2		24		41		-1		164		284		 2		6
3		29		1		-1		216		336		 2		6
4		24		42		-1		367		487		 2		6
5		28		30		-1		67		187		 2		6
6		50		16		-1		472		592		 2		6
7		49		48		-1		535		655		 2		6
8		21		18		-1		247		367		 2		6
9		48		15		-1		556		676		 2		6
10		44		34		-1		448		568		 2		6
11		41		9		-1		26		146		 2		6
12		37		10		-1		90		210		 2		6
13		12		41		-1		284		404		 2		6
14		47		9		-1		248		368		 2		6
15		18		14		-1		484		604		 2		6
16		14		36		-1		157		277		 2		6
17		41		2		-1		335		455		 2		6
18		38		32		-1		410		530		 2		6
19		28		26		-1		313		433		 2		6
20		40		15		-1		393		513		 2		6
21		3		39		-1		327		447		 2		6
22		22		16		-1		254		374		 2		6
23		13		14		-1		469		589		 2		6
24		43		14		-1		24		144		 2		6
25		49		47		-1		237		357		 2		6
26		8		39		-1		399		519		 2		6
27		44		22		-1		459		579		 2		6
28		7		29		-1		13		133		 2		6
29		36		3		-1		372		492		 2		6
30		31		22		-1		455		575		 2		6
31		45		48		-1		18		138		 2		6
32		32		34		-1		74		194		 2		6
33		23		21		-1		522		642		 2		6
34		34		25		-1		27		147		 2		6
35		20		20		-1		153		273		 2		6
36		22		9		-1		364		484		 2		6
37		50		26		-1		531		651		 2		6
38		46		19		-1		317		437		 2		6
39		38		5		-1		439		559		 2		6
40		46		39		-1		115		235		 2		6
41		49		42		-1		246		366		 2		6
42		6		18		-1		136		256		 2		6
43		33		30		-1		410		530		 2		6
44		49		49		-1		103		223		 2		6
45		35		19		-1		332		452		 2		6
46		43		38		-1		30		150		 2		6
47		14		31		-1		189		309		 2		6
48		36		43		-1		137		257		 2		6
49		39		4		-1		324		444		 2		6
50		46		15		-1		260		380		 2		6
51		24		40		5		177		657		 1		4
52		32		18		3		86		566		 1		4
53		38		21		3		161		641		 1		4
54		18		20		3		44		524		 1		4
55		7		10		5		180		660		 1		4
56		27		38		4		150		630		 1		4
57		34		9		4		24		504		 1		4
58		22		5		4		208		688		 1		4
59		36		16		5		71		551		 1		4
60		39		17		4		42		522		 1		4
OPTION  LOCATION  CUSTOMER  PRIO  SERVICETIME   COST
0		59		0		0		2		0
1		57		1		0		2		0
2		54		2		0		2		0
3		56		3		0		2		0
4		51		4		0		2		0
5		55		5		0		2		0
6		51		6		0		2		0
7		56		7		0		2		0
8		56		8		0		2		0
9		57		9		0		2		0
10		1		10		0		5		0
11		2		11		0		5		0
12		3		12		0		5		0
13		4		13		0		5		0
14		5		14		0		5		0
15		6		15		0		5		0
16		7		16		0		5		0
17		8		17		0		5		0
18		9		18		0		5		0
19		10		19		0		5		0
20		11		20		0		5		0
21		60		20		1		2		0
22		12		21		0		5		0
23		53		21		1		2		0
24		13		22		0		5		0
25		55		22		1		2		0
26		14		23		1		5		0
27		59		23		0		2		0
28		15		24		0		5		0
29		57		24		1		2		0
30		16		25		1		5		0
31		56		25		0		2		0
32		17		26		0		5		0
33		52		26		1		2		0
34		18		27		0		5		0
35		51		27		1		2		0
36		19		28		1		5		0
37		56		28		0		2		0
38		20		29		1		5		0
39		53		29		0		2		0
40		21		30		0		5		0
41		51		30		1		2		0
42		55		30		2		2		0
43		22		31		0		5		0
44		59		31		2		2		0
45		56		31		1		2		0
46		23		32		0		5		0
47		52		32		2		2		0
48		58		32		1		2		0
49		24		33		1		5		0
50		59		33		2		2		0
51		52		33		0		2		0
52		25		34		0		5		0
53		51		34		1		2		0
54		54		34		2		2		0
55		26		35		2		5		0
56		52		35		0		2		0
57		58		35		1		2		0
58		27		36		0		5		0
59		59		36		2		2		0
60		52		36		1		2		0
61		28		37		0		5		0
62		56		37		2		2		0
63		52		37		1		2		0
64		29		38		2		5		0
65		54		38		0		2		0
66		52		38		1		2		0
67		30		39		0		5		0
68		54		39		2		2		0
69		59		39		1		2		0
70		31		40		0		5		0
71		32		40		2		5		0
72		57		40		1		2		0
73		33		41		2		5		0
74		34		41		0		5		0
75		55		41		1		2		0
76		35		42		2		5		0
77		36		42		0		5		0
78		52		42		1		2		0
79		37		43		1		5		0
80		38		43		2		5		0
81		53		43		0		2		0
82		39		44		1		5		0
83		40		44		2		5		0
84		59		44		0		2		0
85		41		45		0		5		0
86		42		45		2		5		0
87		58		45		1		2		0
88		43		46		1		5		0
89		44		46		0		5		0
90		59		46		2		2		0
91		45		47		2		5		0
92		46		47		0		5		0
93		60		47		1		2		0
94		47		48		2		5		0
95		48		48		1		5		0
96		55		48		0		2		0
97		49		49		2		5		0
98		50		49		0		5		0
99		57		49		1		2		0
