U_50medium_6.txt

VEHICLE     CAPACITY  LOCATIONS  CUSTOMER  OPTIONS  PRIORITIES  NUMTYPS
10		150		61		50		100		3		4

CUSTOMER  DEMAND
0	 16
1	 11
2	 16
3	 14
4	 16
5	 20
6	 19
7	 19
8	 16
9	 15
10	 20
11	 14
12	 17
13	 16
14	 17
15	 16
16	 17
17	 15
18	 20
19	 19
20	 14
21	 10
22	 18
23	 12
24	 19
25	 16
26	 14
27	 13
28	 20
29	 15
30	 13
31	 12
32	 13
33	 20
34	 12
35	 15
36	 15
37	 14
38	 11
39	 11
40	 12
41	 15
42	 10
43	 17
44	 17
45	 17
46	 16
47	 16
48	 13
49	 12

LOCATION  XCOORD  YCOORD  CAP  READY  DUE  TYP  SERVICETIME
0		45		1		-1		0		720	 0		0
1		35		40		-1		524		644		 2		6
2		18		42		-1		400		520		 2		6
3		9		1		-1		278		398		 2		6
4		23		39		-1		276		396		 2		6
5		13		20		-1		246		366		 2		6
6		49		44		-1		4		124		 2		6
7		1		4		-1		119		239		 2		6
8		34		43		-1		296		416		 2		6
9		20		49		-1		197		317		 2		6
10		26		40		-1		459		579		 2		6
11		9		47		-1		16		136		 2		6
12		42		22		-1		492		612		 2		6
13		34		44		-1		74		194		 2		6
14		26		28		-1		52		172		 2		6
15		6		7		-1		207		327		 2		6
16		18		44		-1		130		250		 2		6
17		17		32		-1		179		299		 2		6
18		39		24		-1		149		269		 2		6
19		36		38		-1		462		582		 2		6
20		2		46		-1		3		123		 2		6
21		1		15		-1		535		655		 2		6
22		49		45		-1		412		532		 2		6
23		19		7		-1		23		143		 2		6
24		4		5		-1		389		509		 2		6
25		34		20		-1		469		589		 2		6
26		22		11		-1		357		477		 2		6
27		40		32		-1		123		243		 2		6
28		15		31		-1		473		593		 2		6
29		39		45		-1		25		145		 2		6
30		4		47		-1		448		568		 2		6
31		23		27		-1		503		623		 2		6
32		4		21		-1		545		665		 2		6
33		21		36		-1		204		324		 2		6
34		46		8		-1		168		288		 2		6
35		22		35		-1		255		375		 2		6
36		1		9		-1		412		532		 2		6
37		25		42		-1		423		543		 2		6
38		36		5		-1		103		223		 2		6
39		28		24		-1		271		391		 2		6
40		42		28		-1		594		714		 2		6
41		14		33		-1		478		598		 2		6
42		7		46		-1		486		606		 2		6
43		11		49		-1		578		698		 2		6
44		39		14		-1		309		429		 2		6
45		6		48		-1		559		679		 2		6
46		26		10		-1		257		377		 2		6
47		13		15		-1		260		380		 2		6
48		11		26		-1		570		690		 2		6
49		24		41		-1		438		558		 2		6
50		36		8		-1		362		482		 2		6
51		33		22		4		180		660		 1		4
52		31		30		4		41		521		 1		4
53		36		42		5		196		676		 1		4
54		23		13		4		94		574		 1		4
55		12		11		5		168		648		 1		4
56		35		35		5		164		644		 1		4
57		17		39		3		216		696		 1		4
58		25		16		5		153		633		 1		4
59		13		6		4		230		710		 1		4
60		7		42		4		135		615		 1		4
OPTION  LOCATION  CUSTOMER  PRIO  SERVICETIME   COST
0		54		0		0		2		0
1		51		1		0		2		0
2		58		2		0		2		0
3		56		3		0		2		0
4		56		4		0		2		0
5		57		5		0		2		0
6		56		6		0		2		0
7		56		7		0		2		0
8		57		8		0		2		0
9		57		9		0		2		0
10		1		10		0		5		0
11		2		11		0		5		0
12		3		12		0		5		0
13		4		13		0		5		0
14		5		14		0		5		0
15		6		15		0		5		0
16		7		16		0		5		0
17		8		17		0		5		0
18		9		18		0		5		0
19		10		19		0		5		0
20		11		20		0		5		0
21		52		20		1		2		0
22		12		21		0		5		0
23		53		21		1		2		0
24		13		22		1		5		0
25		56		22		0		2		0
26		14		23		1		5		0
27		56		23		0		2		0
28		15		24		1		5		0
29		60		24		0		2		0
30		16		25		0		5		0
31		52		25		1		2		0
32		17		26		1		5		0
33		52		26		0		2		0
34		18		27		1		5		0
35		56		27		0		2		0
36		19		28		1		5		0
37		52		28		0		2		0
38		20		29		0		5		0
39		56		29		1		2		0
40		21		30		1		5		0
41		59		30		2		2		0
42		53		30		0		2		0
43		22		31		0		5		0
44		51		31		1		2		0
45		57		31		2		2		0
46		23		32		2		5		0
47		55		32		1		2		0
48		51		32		0		2		0
49		24		33		2		5		0
50		56		33		0		2		0
51		52		33		1		2		0
52		25		34		0		5		0
53		52		34		2		2		0
54		51		34		1		2		0
55		26		35		2		5		0
56		54		35		0		2		0
57		53		35		1		2		0
58		27		36		0		5		0
59		52		36		1		2		0
60		51		36		2		2		0
61		28		37		0		5		0
62		52		37		2		2		0
63		60		37		1		2		0
64		29		38		0		5		0
65		52		38		1		2		0
66		51		38		2		2		0
67		30		39		0		5		0
68		59		39		2		2		0
69		54		39		1		2		0
70		31		40		1		5		0
71		32		40		2		5		0
72		55		40		0		2		0
73		33		41		2		5		0
74		34		41		1		5		0
75		52		41		0		2		0
76		35		42		0		5		0
77		36		42		1		5		0
78		59		42		2		2		0
79		37		43		2		5		0
80		38		43		0		5		0
81		56		43		1		2		0
82		39		44		0		5		0
83		40		44		2		5		0
84		56		44		1		2		0
85		41		45		0		5		0
86		42		45		1		5		0
87		52		45		2		2		0
88		43		46		0		5		0
89		44		46		1		5		0
90		53		46		2		2		0
91		45		47		2		5		0
92		46		47		1		5		0
93		58		47		0		2		0
94		47		48		1		5		0
95		48		48		2		5		0
96		54		48		0		2		0
97		49		49		0		5		0
98		50		49		1		5		0
99		54		49		2		2		0
