U_50medium_9.txt

VEHICLE     CAPACITY  LOCATIONS  CUSTOMER  OPTIONS  PRIORITIES  NUMTYPS
10		150		61		50		100		3		4

CUSTOMER  DEMAND
0	 14
1	 14
2	 17
3	 12
4	 16
5	 12
6	 16
7	 12
8	 17
9	 18
10	 13
11	 20
12	 14
13	 13
14	 13
15	 16
16	 18
17	 10
18	 15
19	 12
20	 12
21	 13
22	 16
23	 18
24	 16
25	 19
26	 18
27	 17
28	 15
29	 14
30	 14
31	 17
32	 19
33	 16
34	 11
35	 13
36	 14
37	 10
38	 14
39	 15
40	 18
41	 20
42	 10
43	 19
44	 20
45	 11
46	 15
47	 17
48	 13
49	 10

LOCATION  XCOORD  YCOORD  CAP  READY  DUE  TYP  SERVICETIME
0		30		37		-1		0		720	 0		0
1		49		20		-1		449		569		 2		6
2		34		29		-1		92		212		 2		6
3		5		14		-1		488		608		 2		6
4		30		39		-1		103		223		 2		6
5		1		19		-1		586		706		 2		6
6		28		16		-1		84		204		 2		6
7		3		4		-1		444		564		 2		6
8		23		26		-1		377		497		 2		6
9		17		10		-1		35		155		 2		6
10		46		16		-1		344		464		 2		6
11		28		11		-1		381		501		 2		6
12		39		48		-1		416		536		 2		6
13		28		39		-1		206		326		 2		6
14		45		35		-1		178		298		 2		6
15		24		36		-1		144		264		 2		6
16		28		19		-1		209		329		 2		6
17		40		17		-1		379		499		 2		6
18		21		40		-1		88		208		 2		6
19		2		39		-1		451		571		 2		6
20		49		37		-1		521		641		 2		6
21		31		17		-1		556		676		 2		6
22		47		45		-1		279		399		 2		6
23		35		16		-1		80		200		 2		6
24		21		9		-1		573		693		 2		6
25		18		36		-1		264		384		 2		6
26		17		34		-1		221		341		 2		6
27		30		29		-1		265		385		 2		6
28		5		9		-1		260		380		 2		6
29		49		11		-1		169		289		 2		6
30		36		45		-1		285		405		 2		6
31		50		12		-1		382		502		 2		6
32		47		36		-1		446		566		 2		6
33		48		38		-1		157		277		 2		6
34		46		45		-1		4		124		 2		6
35		38		12		-1		531		651		 2		6
36		28		12		-1		211		331		 2		6
37		10		41		-1		288		408		 2		6
38		3		5		-1		156		276		 2		6
39		44		20		-1		415		535		 2		6
40		1		11		-1		91		211		 2		6
41		26		48		-1		29		149		 2		6
42		11		27		-1		101		221		 2		6
43		10		6		-1		501		621		 2		6
44		45		5		-1		186		306		 2		6
45		10		39		-1		58		178		 2		6
46		20		1		-1		552		672		 2		6
47		28		30		-1		317		437		 2		6
48		15		25		-1		439		559		 2		6
49		49		3		-1		108		228		 2		6
50		21		21		-1		325		445		 2		6
51		27		39		4		221		701		 1		4
52		39		29		5		198		678		 1		4
53		10		24		3		130		610		 1		4
54		37		29		3		70		550		 1		4
55		27		19		5		70		550		 1		4
56		13		16		5		143		623		 1		4
57		29		32		5		6		486		 1		4
58		20		43		3		82		562		 1		4
59		45		19		5		85		565		 1		4
60		26		28		5		115		595		 1		4
OPTION  LOCATION  CUSTOMER  PRIO  SERVICETIME   COST
0		59		0		0		2		0
1		57		1		0		2		0
2		57		2		0		2		0
3		58		3		0		2		0
4		54		4		0		2		0
5		53		5		0		2		0
6		57		6		0		2		0
7		59		7		0		2		0
8		52		8		0		2		0
9		53		9		0		2		0
10		1		10		0		5		0
11		2		11		0		5		0
12		3		12		0		5		0
13		4		13		0		5		0
14		5		14		0		5		0
15		6		15		0		5		0
16		7		16		0		5		0
17		8		17		0		5		0
18		9		18		0		5		0
19		10		19		0		5		0
20		11		20		0		5		0
21		55		20		1		2		0
22		12		21		1		5		0
23		54		21		0		2		0
24		13		22		0		5		0
25		51		22		1		2		0
26		14		23		1		5		0
27		54		23		0		2		0
28		15		24		0		5		0
29		57		24		1		2		0
30		16		25		0		5		0
31		54		25		1		2		0
32		17		26		0		5		0
33		55		26		1		2		0
34		18		27		1		5		0
35		53		27		0		2		0
36		19		28		1		5		0
37		51		28		0		2		0
38		20		29		1		5		0
39		51		29		0		2		0
40		21		30		2		5		0
41		55		30		0		2		0
42		54		30		1		2		0
43		22		31		1		5		0
44		57		31		2		2		0
45		60		31		0		2		0
46		23		32		1		5		0
47		60		32		0		2		0
48		55		32		2		2		0
49		24		33		0		5		0
50		55		33		2		2		0
51		57		33		1		2		0
52		25		34		0		5		0
53		57		34		2		2		0
54		53		34		1		2		0
55		26		35		2		5		0
56		60		35		0		2		0
57		52		35		1		2		0
58		27		36		0		5		0
59		54		36		2		2		0
60		56		36		1		2		0
61		28		37		1		5		0
62		55		37		2		2		0
63		57		37		0		2		0
64		29		38		1		5		0
65		54		38		0		2		0
66		53		38		2		2		0
67		30		39		1		5		0
68		57		39		2		2		0
69		54		39		0		2		0
70		31		40		0		5		0
71		32		40		2		5		0
72		52		40		1		2		0
73		33		41		1		5		0
74		34		41		2		5		0
75		51		41		0		2		0
76		35		42		2		5		0
77		36		42		0		5		0
78		60		42		1		2		0
79		37		43		2		5		0
80		38		43		0		5		0
81		56		43		1		2		0
82		39		44		2		5		0
83		40		44		0		5		0
84		51		44		1		2		0
85		41		45		1		5		0
86		42		45		0		5		0
87		60		45		2		2		0
88		43		46		0		5		0
89		44		46		2		5		0
90		53		46		1		2		0
91		45		47		0		5		0
92		46		47		1		5		0
93		52		47		2		2		0
94		47		48		2		5		0
95		48		48		0		5		0
96		54		48		1		2		0
97		49		49		2		5		0
98		50		49		0		5		0
99		51		49		1		2		0
