V_25_10.txt

VEHICLE     CAPACITY  LOCATIONS  CUSTOMER  OPTIONS  PRIORITIES  NUMTYPS
10		150		25		25		38		3		4

CUSTOMER  DEMAND
0	 12
1	 18
2	 12
3	 10
4	 13
5	 15
6	 19
7	 16
8	 20
9	 20
10	 13
11	 18
12	 11
13	 15
14	 17
15	 12
16	 20
17	 18
18	 14
19	 19
20	 20
21	 11
22	 13
23	 17
24	 17

LOCATION  XCOORD  YCOORD  CAP  READY  DUE  TYP  SERVICETIME
0		22		7		-1		0		720	 0		0
1		23		34		-1		200		440		 2		6
2		48		31		-1		0		360		 2		6
3		27		38		-1		0		360		 2		6
4		9		50		-1		493		613		 2		6
5		50		10		-1		0		360		 2		6
6		15		24		-1		0		360		 2		6
7		46		29		-1		360		720		 2		6
8		34		34		-1		360		720		 2		6
9		46		18		-1		0		360		 2		6
10		7		45		-1		360		720		 2		6
11		31		6		-1		512		632		 2		6
12		8		22		-1		0		360		 2		6
13		28		40		-1		56		176		 2		6
14		43		3		-1		0		360		 2		6
15		45		10		-1		0		360		 2		6
16		36		23		-1		0		360		 2		6
17		23		1		-1		360		720		 2		6
18		45		4		-1		525		645		 2		6
19		16		23		-1		97		337		 2		6
20		12		28		5		0		720		 1		4
21		25		36		5		240		720		 1		4
22		36		43		5		122		602		 1		4
23		10		37		5		160		640		 1		4
24		43		32		5		101		581		 1		4
OPTION  LOCATION  CUSTOMER  PRIO  SERVICETIME   COST
0		22		0		0		2		0
1		23		1		0		2		0
2		24		2		0		2		0
3		21		3		0		2		0
4		24		4		0		2		0
5		22		5		0		2		0
6		1		6		0		5		0
7		2		7		0		5		0
8		3		8		0		5		0
9		4		9		0		5		0
10		5		10		0		5		0
11		6		11		0		5		0
12		7		12		0		5		0
13		23		12		1		2		0
14		8		13		0		5		0
15		24		13		1		2		0
16		9		14		0		5		0
17		22		14		1		2		0
18		10		15		0		5		0
19		22		15		1		2		0
20		11		16		0		5		0
21		22		16		1		2		0
22		12		17		0		5		0
23		21		17		1		2		0
24		13		18		1		5		0
25		20		18		0		2		0
26		14		19		1		5		0
27		20		19		0		2		0
28		15		20		0		5		0
29		22		20		1		2		0
30		16		21		0		5		0
31		20		21		1		2		0
32		17		22		1		5		0
33		23		22		0		2		0
34		18		23		1		5		0
35		22		23		0		2		0
36		19		24		1		5		0
37		23		24		0		2		0
