V_50medium_9.txt

VEHICLE     CAPACITY  LOCATIONS  CUSTOMER  OPTIONS  PRIORITIES  NUMTYPS
10		150		49		50		76		3		4

CUSTOMER  DEMAND
0	 18
1	 16
2	 13
3	 18
4	 13
5	 20
6	 14
7	 14
8	 12
9	 18
10	 20
11	 20
12	 19
13	 18
14	 20
15	 15
16	 17
17	 20
18	 12
19	 12
20	 20
21	 19
22	 12
23	 17
24	 11
25	 11
26	 10
27	 12
28	 14
29	 13
30	 18
31	 18
32	 20
33	 18
34	 15
35	 16
36	 18
37	 17
38	 19
39	 19
40	 10
41	 10
42	 20
43	 15
44	 11
45	 12
46	 13
47	 13
48	 20
49	 19

LOCATION  XCOORD  YCOORD  CAP  READY  DUE  TYP  SERVICETIME
0		10		14		-1		0		720	 0		0
1		7		20		-1		404		524		 2		6
2		48		32		-1		365		485		 2		6
3		12		38		-1		131		251		 2		6
4		33		28		-1		206		326		 2		6
5		34		48		-1		592		712		 2		6
6		16		31		-1		416		536		 2		6
7		13		20		-1		573		693		 2		6
8		20		50		-1		464		584		 2		6
9		39		44		-1		12		132		 2		6
10		10		24		-1		274		394		 2		6
11		49		34		-1		34		154		 2		6
12		9		13		-1		340		460		 2		6
13		5		29		-1		339		459		 2		6
14		24		6		-1		100		220		 2		6
15		32		34		-1		27		147		 2		6
16		30		27		-1		245		365		 2		6
17		25		21		-1		182		302		 2		6
18		39		21		-1		492		612		 2		6
19		12		24		-1		200		320		 2		6
20		26		35		-1		42		162		 2		6
21		27		34		-1		112		232		 2		6
22		38		27		-1		231		351		 2		6
23		36		50		-1		543		663		 2		6
24		21		39		-1		122		242		 2		6
25		11		42		-1		49		169		 2		6
26		9		49		-1		100		220		 2		6
27		28		16		-1		323		443		 2		6
28		26		25		-1		236		356		 2		6
29		47		15		-1		286		406		 2		6
30		16		32		-1		520		640		 2		6
31		44		5		-1		395		515		 2		6
32		9		35		-1		547		667		 2		6
33		49		40		-1		356		476		 2		6
34		44		31		-1		219		339		 2		6
35		43		9		-1		521		641		 2		6
36		40		14		-1		11		131		 2		6
37		45		47		-1		593		713		 2		6
38		2		45		-1		494		614		 2		6
39		13		23		3		4		484		 1		4
40		7		30		5		102		582		 1		4
41		21		6		4		188		668		 1		4
42		19		6		3		233		713		 1		4
43		41		43		4		66		546		 1		4
44		18		25		5		149		629		 1		4
45		12		25		4		65		545		 1		4
46		15		5		5		106		586		 1		4
47		33		30		3		91		571		 1		4
48		28		43		3		199		679		 1		4
OPTION  LOCATION  CUSTOMER  PRIO  SERVICETIME   COST
0		48		0		0		2		0
1		45		1		0		2		0
2		39		2		0		2		0
3		41		3		0		2		0
4		47		4		0		2		0
5		42		5		0		2		0
6		40		6		0		2		0
7		45		7		0		2		0
8		47		8		0		2		0
9		43		9		0		2		0
10		45		10		0		2		0
11		44		11		0		2		0
12		1		12		0		5		0
13		2		13		0		5		0
14		3		14		0		5		0
15		4		15		0		5		0
16		5		16		0		5		0
17		6		17		0		5		0
18		7		18		0		5		0
19		8		19		0		5		0
20		9		20		0		5		0
21		10		21		0		5		0
22		11		22		0		5		0
23		12		23		0		5		0
24		13		24		0		5		0
25		46		24		1		2		0
26		14		25		1		5		0
27		46		25		0		2		0
28		15		26		0		5		0
29		43		26		1		2		0
30		16		27		0		5		0
31		40		27		1		2		0
32		17		28		0		5		0
33		45		28		1		2		0
34		18		29		1		5		0
35		47		29		0		2		0
36		19		30		0		5		0
37		40		30		1		2		0
38		20		31		1		5		0
39		45		31		0		2		0
40		21		32		1		5		0
41		45		32		0		2		0
42		22		33		1		5		0
43		48		33		0		2		0
44		23		34		0		5		0
45		48		34		1		2		0
46		24		35		0		5		0
47		44		35		1		2		0
48		25		36		0		5		0
49		48		36		1		2		0
50		26		37		1		5		0
51		39		37		0		2		0
52		27		38		0		5		0
53		44		38		1		2		0
54		28		39		1		5		0
55		39		39		0		2		0
56		29		40		1		5		0
57		44		40		0		2		0
58		30		41		1		5		0
59		45		41		0		2		0
60		31		42		1		5		0
61		46		42		0		2		0
62		32		43		0		5		0
63		40		43		1		2		0
64		33		44		1		5		0
65		39		44		0		2		0
66		34		45		1		5		0
67		43		45		0		2		0
68		35		46		1		5		0
69		39		46		0		2		0
70		36		47		1		5		0
71		46		47		0		2		0
72		37		48		1		5		0
73		44		48		0		2		0
74		38		49		1		5		0
75		39		49		0		2		0
