V_50medium_10.txt

VEHICLE     CAPACITY  LOCATIONS  CUSTOMER  OPTIONS  PRIORITIES  NUMTYPS
10		150		49		50		76		3		4

CUSTOMER  DEMAND
0	 17
1	 14
2	 13
3	 11
4	 18
5	 12
6	 16
7	 16
8	 12
9	 13
10	 15
11	 17
12	 17
13	 20
14	 20
15	 11
16	 16
17	 14
18	 18
19	 12
20	 10
21	 18
22	 11
23	 18
24	 10
25	 15
26	 19
27	 11
28	 14
29	 18
30	 19
31	 11
32	 16
33	 12
34	 11
35	 13
36	 18
37	 18
38	 13
39	 10
40	 14
41	 13
42	 14
43	 15
44	 18
45	 19
46	 14
47	 14
48	 15
49	 11

LOCATION  XCOORD  YCOORD  CAP  READY  DUE  TYP  SERVICETIME
0		46		26		-1		0		720	 0		0
1		34		8		-1		201		321		 2		6
2		24		42		-1		97		217		 2		6
3		1		22		-1		293		413		 2		6
4		41		14		-1		120		240		 2		6
5		48		8		-1		179		299		 2		6
6		8		7		-1		72		192		 2		6
7		37		10		-1		535		655		 2		6
8		31		36		-1		110		230		 2		6
9		4		1		-1		279		399		 2		6
10		29		36		-1		412		532		 2		6
11		6		50		-1		193		313		 2		6
12		2		46		-1		252		372		 2		6
13		12		48		-1		16		136		 2		6
14		32		33		-1		128		248		 2		6
15		16		11		-1		254		374		 2		6
16		41		41		-1		359		479		 2		6
17		41		21		-1		582		702		 2		6
18		46		22		-1		490		610		 2		6
19		41		34		-1		501		621		 2		6
20		15		28		-1		246		366		 2		6
21		47		3		-1		240		360		 2		6
22		44		9		-1		38		158		 2		6
23		45		38		-1		439		559		 2		6
24		25		18		-1		321		441		 2		6
25		16		16		-1		131		251		 2		6
26		49		10		-1		531		651		 2		6
27		20		20		-1		108		228		 2		6
28		9		1		-1		181		301		 2		6
29		39		3		-1		357		477		 2		6
30		24		44		-1		503		623		 2		6
31		27		25		-1		127		247		 2		6
32		27		14		-1		66		186		 2		6
33		46		1		-1		594		714		 2		6
34		23		32		-1		553		673		 2		6
35		11		22		-1		141		261		 2		6
36		41		46		-1		71		191		 2		6
37		3		38		-1		50		170		 2		6
38		19		22		-1		433		553		 2		6
39		40		23		5		203		683		 1		4
40		28		7		5		38		518		 1		4
41		36		16		4		208		688		 1		4
42		18		41		4		17		497		 1		4
43		7		7		4		199		679		 1		4
44		17		38		3		177		657		 1		4
45		22		17		5		49		529		 1		4
46		40		38		5		163		643		 1		4
47		34		43		5		161		641		 1		4
48		37		5		4		226		706		 1		4
OPTION  LOCATION  CUSTOMER  PRIO  SERVICETIME   COST
0		42		0		0		2		0
1		44		1		0		2		0
2		39		2		0		2		0
3		44		3		0		2		0
4		40		4		0		2		0
5		43		5		0		2		0
6		39		6		0		2		0
7		45		7		0		2		0
8		45		8		0		2		0
9		46		9		0		2		0
10		44		10		0		2		0
11		42		11		0		2		0
12		1		12		0		5		0
13		2		13		0		5		0
14		3		14		0		5		0
15		4		15		0		5		0
16		5		16		0		5		0
17		6		17		0		5		0
18		7		18		0		5		0
19		8		19		0		5		0
20		9		20		0		5		0
21		10		21		0		5		0
22		11		22		0		5		0
23		12		23		0		5		0
24		13		24		0		5		0
25		45		24		1		2		0
26		14		25		0		5		0
27		42		25		1		2		0
28		15		26		1		5		0
29		40		26		0		2		0
30		16		27		0		5		0
31		39		27		1		2		0
32		17		28		0		5		0
33		46		28		1		2		0
34		18		29		0		5		0
35		39		29		1		2		0
36		19		30		0		5		0
37		40		30		1		2		0
38		20		31		1		5		0
39		42		31		0		2		0
40		21		32		1		5		0
41		39		32		0		2		0
42		22		33		1		5		0
43		42		33		0		2		0
44		23		34		0		5		0
45		41		34		1		2		0
46		24		35		1		5		0
47		39		35		0		2		0
48		25		36		0		5		0
49		48		36		1		2		0
50		26		37		1		5		0
51		41		37		0		2		0
52		27		38		0		5		0
53		44		38		1		2		0
54		28		39		0		5		0
55		41		39		1		2		0
56		29		40		1		5		0
57		39		40		0		2		0
58		30		41		0		5		0
59		42		41		1		2		0
60		31		42		0		5		0
61		39		42		1		2		0
62		32		43		0		5		0
63		39		43		1		2		0
64		33		44		1		5		0
65		46		44		0		2		0
66		34		45		1		5		0
67		46		45		0		2		0
68		35		46		1		5		0
69		43		46		0		2		0
70		36		47		1		5		0
71		40		47		0		2		0
72		37		48		1		5		0
73		47		48		0		2		0
74		38		49		0		5		0
75		45		49		1		2		0
