V_50medium_6.txt

VEHICLE     CAPACITY  LOCATIONS  CUSTOMER  OPTIONS  PRIORITIES  NUMTYPS
10		150		49		50		76		3		4

CUSTOMER  DEMAND
0	 15
1	 11
2	 12
3	 10
4	 16
5	 20
6	 17
7	 12
8	 11
9	 15
10	 15
11	 10
12	 16
13	 15
14	 10
15	 14
16	 14
17	 12
18	 10
19	 15
20	 16
21	 13
22	 18
23	 20
24	 20
25	 20
26	 20
27	 13
28	 13
29	 12
30	 14
31	 11
32	 11
33	 11
34	 16
35	 14
36	 11
37	 14
38	 19
39	 19
40	 16
41	 16
42	 13
43	 18
44	 15
45	 10
46	 20
47	 19
48	 18
49	 12

LOCATION  XCOORD  YCOORD  CAP  READY  DUE  TYP  SERVICETIME
0		42		19		-1		0		720	 0		0
1		19		1		-1		487		607		 2		6
2		22		49		-1		30		150		 2		6
3		23		10		-1		464		584		 2		6
4		13		15		-1		197		317		 2		6
5		45		47		-1		471		591		 2		6
6		41		48		-1		592		712		 2		6
7		22		31		-1		254		374		 2		6
8		41		7		-1		441		561		 2		6
9		49		39		-1		98		218		 2		6
10		28		48		-1		549		669		 2		6
11		41		7		-1		248		368		 2		6
12		9		40		-1		484		604		 2		6
13		15		33		-1		388		508		 2		6
14		17		24		-1		551		671		 2		6
15		20		1		-1		79		199		 2		6
16		24		34		-1		475		595		 2		6
17		6		9		-1		397		517		 2		6
18		13		13		-1		269		389		 2		6
19		1		12		-1		353		473		 2		6
20		33		32		-1		96		216		 2		6
21		39		41		-1		325		445		 2		6
22		22		39		-1		227		347		 2		6
23		47		45		-1		475		595		 2		6
24		16		8		-1		96		216		 2		6
25		44		14		-1		573		693		 2		6
26		9		29		-1		410		530		 2		6
27		36		37		-1		114		234		 2		6
28		26		46		-1		475		595		 2		6
29		8		1		-1		352		472		 2		6
30		49		20		-1		249		369		 2		6
31		44		20		-1		521		641		 2		6
32		17		10		-1		183		303		 2		6
33		3		7		-1		29		149		 2		6
34		48		46		-1		588		708		 2		6
35		4		20		-1		586		706		 2		6
36		8		17		-1		270		390		 2		6
37		16		1		-1		389		509		 2		6
38		31		14		-1		130		250		 2		6
39		16		20		3		224		704		 1		4
40		15		24		5		81		561		 1		4
41		39		39		3		99		579		 1		4
42		8		25		5		70		550		 1		4
43		39		9		5		91		571		 1		4
44		8		28		5		59		539		 1		4
45		25		36		4		19		499		 1		4
46		34		42		3		18		498		 1		4
47		27		6		3		220		700		 1		4
48		13		27		3		200		680		 1		4
OPTION  LOCATION  CUSTOMER  PRIO  SERVICETIME   COST
0		40		0		0		2		0
1		46		1		0		2		0
2		44		2		0		2		0
3		42		3		0		2		0
4		42		4		0		2		0
5		42		5		0		2		0
6		47		6		0		2		0
7		45		7		0		2		0
8		48		8		0		2		0
9		44		9		0		2		0
10		48		10		0		2		0
11		41		11		0		2		0
12		1		12		0		5		0
13		2		13		0		5		0
14		3		14		0		5		0
15		4		15		0		5		0
16		5		16		0		5		0
17		6		17		0		5		0
18		7		18		0		5		0
19		8		19		0		5		0
20		9		20		0		5		0
21		10		21		0		5		0
22		11		22		0		5		0
23		12		23		0		5		0
24		13		24		0		5		0
25		40		24		1		2		0
26		14		25		0		5		0
27		44		25		1		2		0
28		15		26		1		5		0
29		46		26		0		2		0
30		16		27		1		5		0
31		40		27		0		2		0
32		17		28		1		5		0
33		47		28		0		2		0
34		18		29		1		5		0
35		47		29		0		2		0
36		19		30		1		5		0
37		48		30		0		2		0
38		20		31		0		5		0
39		41		31		1		2		0
40		21		32		0		5		0
41		45		32		1		2		0
42		22		33		0		5		0
43		41		33		1		2		0
44		23		34		0		5		0
45		48		34		1		2		0
46		24		35		1		5		0
47		42		35		0		2		0
48		25		36		0		5		0
49		47		36		1		2		0
50		26		37		0		5		0
51		40		37		1		2		0
52		27		38		0		5		0
53		48		38		1		2		0
54		28		39		1		5		0
55		45		39		0		2		0
56		29		40		0		5		0
57		39		40		1		2		0
58		30		41		0		5		0
59		47		41		1		2		0
60		31		42		0		5		0
61		48		42		1		2		0
62		32		43		1		5		0
63		39		43		0		2		0
64		33		44		0		5		0
65		46		44		1		2		0
66		34		45		1		5		0
67		46		45		0		2		0
68		35		46		1		5		0
69		44		46		0		2		0
70		36		47		0		5		0
71		45		47		1		2		0
72		37		48		1		5		0
73		40		48		0		2		0
74		38		49		1		5		0
75		44		49		0		2		0
