V_50medium_2.txt

VEHICLE     CAPACITY  LOCATIONS  CUSTOMER  OPTIONS  PRIORITIES  NUMTYPS
10		150		49		50		76		3		4

CUSTOMER  DEMAND
0	 19
1	 18
2	 14
3	 13
4	 14
5	 12
6	 19
7	 16
8	 14
9	 18
10	 11
11	 20
12	 10
13	 11
14	 11
15	 12
16	 14
17	 18
18	 16
19	 11
20	 20
21	 14
22	 16
23	 13
24	 15
25	 10
26	 12
27	 18
28	 18
29	 15
30	 11
31	 12
32	 11
33	 14
34	 17
35	 18
36	 17
37	 10
38	 10
39	 13
40	 16
41	 18
42	 20
43	 10
44	 12
45	 10
46	 10
47	 10
48	 12
49	 10

LOCATION  XCOORD  YCOORD  CAP  READY  DUE  TYP  SERVICETIME
0		11		29		-1		0		720	 0		0
1		16		11		-1		204		324		 2		6
2		31		32		-1		10		130		 2		6
3		32		32		-1		299		419		 2		6
4		42		27		-1		73		193		 2		6
5		11		20		-1		29		149		 2		6
6		3		47		-1		48		168		 2		6
7		9		18		-1		310		430		 2		6
8		31		31		-1		452		572		 2		6
9		4		18		-1		566		686		 2		6
10		47		23		-1		137		257		 2		6
11		6		9		-1		24		144		 2		6
12		18		36		-1		12		132		 2		6
13		10		17		-1		430		550		 2		6
14		33		7		-1		567		687		 2		6
15		6		11		-1		164		284		 2		6
16		16		21		-1		257		377		 2		6
17		48		36		-1		50		170		 2		6
18		17		29		-1		203		323		 2		6
19		5		8		-1		102		222		 2		6
20		50		45		-1		370		490		 2		6
21		42		15		-1		553		673		 2		6
22		43		35		-1		353		473		 2		6
23		1		1		-1		66		186		 2		6
24		38		32		-1		303		423		 2		6
25		7		24		-1		157		277		 2		6
26		9		2		-1		161		281		 2		6
27		34		47		-1		111		231		 2		6
28		48		2		-1		498		618		 2		6
29		21		42		-1		144		264		 2		6
30		10		33		-1		78		198		 2		6
31		1		10		-1		135		255		 2		6
32		49		1		-1		378		498		 2		6
33		41		32		-1		567		687		 2		6
34		5		14		-1		89		209		 2		6
35		39		2		-1		309		429		 2		6
36		7		16		-1		444		564		 2		6
37		47		14		-1		543		663		 2		6
38		50		18		-1		458		578		 2		6
39		30		31		5		15		495		 1		4
40		39		7		4		186		666		 1		4
41		7		5		4		115		595		 1		4
42		35		9		3		230		710		 1		4
43		40		17		4		79		559		 1		4
44		5		13		3		144		624		 1		4
45		13		36		3		182		662		 1		4
46		18		29		4		85		565		 1		4
47		9		13		4		118		598		 1		4
48		41		33		5		163		643		 1		4
OPTION  LOCATION  CUSTOMER  PRIO  SERVICETIME   COST
0		41		0		0		2		0
1		48		1		0		2		0
2		47		2		0		2		0
3		42		3		0		2		0
4		39		4		0		2		0
5		42		5		0		2		0
6		44		6		0		2		0
7		39		7		0		2		0
8		44		8		0		2		0
9		40		9		0		2		0
10		44		10		0		2		0
11		45		11		0		2		0
12		1		12		0		5		0
13		2		13		0		5		0
14		3		14		0		5		0
15		4		15		0		5		0
16		5		16		0		5		0
17		6		17		0		5		0
18		7		18		0		5		0
19		8		19		0		5		0
20		9		20		0		5		0
21		10		21		0		5		0
22		11		22		0		5		0
23		12		23		0		5		0
24		13		24		0		5		0
25		45		24		1		2		0
26		14		25		0		5		0
27		47		25		1		2		0
28		15		26		1		5		0
29		39		26		0		2		0
30		16		27		1		5		0
31		45		27		0		2		0
32		17		28		1		5		0
33		45		28		0		2		0
34		18		29		1		5		0
35		45		29		0		2		0
36		19		30		1		5		0
37		45		30		0		2		0
38		20		31		1		5		0
39		48		31		0		2		0
40		21		32		1		5		0
41		41		32		0		2		0
42		22		33		1		5		0
43		48		33		0		2		0
44		23		34		0		5		0
45		44		34		1		2		0
46		24		35		1		5		0
47		45		35		0		2		0
48		25		36		0		5		0
49		45		36		1		2		0
50		26		37		1		5		0
51		42		37		0		2		0
52		27		38		0		5		0
53		40		38		1		2		0
54		28		39		0		5		0
55		43		39		1		2		0
56		29		40		0		5		0
57		45		40		1		2		0
58		30		41		1		5		0
59		39		41		0		2		0
60		31		42		1		5		0
61		45		42		0		2		0
62		32		43		1		5		0
63		41		43		0		2		0
64		33		44		0		5		0
65		46		44		1		2		0
66		34		45		1		5		0
67		42		45		0		2		0
68		35		46		1		5		0
69		42		46		0		2		0
70		36		47		1		5		0
71		45		47		0		2		0
72		37		48		1		5		0
73		42		48		0		2		0
74		38		49		1		5		0
75		41		49		0		2		0
