V_50medium_3.txt

VEHICLE     CAPACITY  LOCATIONS  CUSTOMER  OPTIONS  PRIORITIES  NUMTYPS
10		150		49		50		76		3		4

CUSTOMER  DEMAND
0	 12
1	 14
2	 11
3	 13
4	 11
5	 14
6	 10
7	 15
8	 13
9	 19
10	 18
11	 14
12	 18
13	 16
14	 20
15	 14
16	 15
17	 17
18	 17
19	 16
20	 16
21	 16
22	 15
23	 10
24	 17
25	 12
26	 13
27	 19
28	 11
29	 12
30	 19
31	 20
32	 14
33	 13
34	 19
35	 10
36	 15
37	 20
38	 19
39	 14
40	 17
41	 12
42	 13
43	 10
44	 13
45	 10
46	 16
47	 10
48	 17
49	 15

LOCATION  XCOORD  YCOORD  CAP  READY  DUE  TYP  SERVICETIME
0		31		19		-1		0		720	 0		0
1		5		40		-1		556		676		 2		6
2		12		50		-1		491		611		 2		6
3		27		2		-1		534		654		 2		6
4		5		35		-1		524		644		 2		6
5		7		27		-1		36		156		 2		6
6		38		15		-1		512		632		 2		6
7		42		24		-1		588		708		 2		6
8		12		12		-1		566		686		 2		6
9		26		38		-1		89		209		 2		6
10		23		14		-1		312		432		 2		6
11		16		6		-1		178		298		 2		6
12		41		14		-1		341		461		 2		6
13		11		15		-1		15		135		 2		6
14		41		35		-1		0		120		 2		6
15		30		13		-1		153		273		 2		6
16		6		43		-1		220		340		 2		6
17		29		41		-1		551		671		 2		6
18		11		10		-1		516		636		 2		6
19		15		50		-1		296		416		 2		6
20		6		48		-1		248		368		 2		6
21		31		13		-1		4		124		 2		6
22		5		20		-1		413		533		 2		6
23		14		44		-1		166		286		 2		6
24		48		45		-1		553		673		 2		6
25		15		2		-1		330		450		 2		6
26		39		2		-1		217		337		 2		6
27		33		27		-1		151		271		 2		6
28		2		26		-1		512		632		 2		6
29		46		4		-1		62		182		 2		6
30		11		21		-1		351		471		 2		6
31		15		17		-1		8		128		 2		6
32		5		46		-1		456		576		 2		6
33		36		29		-1		417		537		 2		6
34		25		5		-1		291		411		 2		6
35		36		3		-1		334		454		 2		6
36		45		36		-1		207		327		 2		6
37		48		11		-1		527		647		 2		6
38		15		36		-1		224		344		 2		6
39		9		16		5		55		535		 1		4
40		12		31		5		233		713		 1		4
41		12		37		4		205		685		 1		4
42		13		14		4		112		592		 1		4
43		7		32		4		98		578		 1		4
44		31		44		3		76		556		 1		4
45		35		30		3		204		684		 1		4
46		6		36		4		148		628		 1		4
47		10		14		4		54		534		 1		4
48		27		24		3		26		506		 1		4
OPTION  LOCATION  CUSTOMER  PRIO  SERVICETIME   COST
0		43		0		0		2		0
1		43		1		0		2		0
2		39		2		0		2		0
3		41		3		0		2		0
4		42		4		0		2		0
5		44		5		0		2		0
6		44		6		0		2		0
7		44		7		0		2		0
8		45		8		0		2		0
9		42		9		0		2		0
10		42		10		0		2		0
11		45		11		0		2		0
12		1		12		0		5		0
13		2		13		0		5		0
14		3		14		0		5		0
15		4		15		0		5		0
16		5		16		0		5		0
17		6		17		0		5		0
18		7		18		0		5		0
19		8		19		0		5		0
20		9		20		0		5		0
21		10		21		0		5		0
22		11		22		0		5		0
23		12		23		0		5		0
24		13		24		1		5		0
25		48		24		0		2		0
26		14		25		1		5		0
27		39		25		0		2		0
28		15		26		1		5		0
29		43		26		0		2		0
30		16		27		0		5		0
31		43		27		1		2		0
32		17		28		0		5		0
33		40		28		1		2		0
34		18		29		0		5		0
35		39		29		1		2		0
36		19		30		0		5		0
37		44		30		1		2		0
38		20		31		0		5		0
39		47		31		1		2		0
40		21		32		0		5		0
41		45		32		1		2		0
42		22		33		0		5		0
43		40		33		1		2		0
44		23		34		1		5		0
45		46		34		0		2		0
46		24		35		0		5		0
47		39		35		1		2		0
48		25		36		0		5		0
49		47		36		1		2		0
50		26		37		0		5		0
51		47		37		1		2		0
52		27		38		1		5		0
53		45		38		0		2		0
54		28		39		1		5		0
55		48		39		0		2		0
56		29		40		0		5		0
57		42		40		1		2		0
58		30		41		1		5		0
59		42		41		0		2		0
60		31		42		0		5		0
61		47		42		1		2		0
62		32		43		1		5		0
63		44		43		0		2		0
64		33		44		1		5		0
65		46		44		0		2		0
66		34		45		1		5		0
67		39		45		0		2		0
68		35		46		1		5		0
69		45		46		0		2		0
70		36		47		1		5		0
71		40		47		0		2		0
72		37		48		1		5		0
73		39		48		0		2		0
74		38		49		1		5		0
75		46		49		0		2		0
