V_50medium_1.txt

VEHICLE     CAPACITY  LOCATIONS  CUSTOMER  OPTIONS  PRIORITIES  NUMTYPS
10		150		49		50		76		3		4

CUSTOMER  DEMAND
0	 15
1	 14
2	 12
3	 18
4	 16
5	 13
6	 19
7	 19
8	 10
9	 17
10	 13
11	 10
12	 18
13	 15
14	 20
15	 13
16	 20
17	 20
18	 15
19	 10
20	 13
21	 20
22	 17
23	 10
24	 12
25	 11
26	 14
27	 16
28	 11
29	 17
30	 11
31	 15
32	 15
33	 14
34	 14
35	 10
36	 20
37	 20
38	 11
39	 10
40	 11
41	 17
42	 16
43	 18
44	 14
45	 12
46	 15
47	 16
48	 19
49	 17

LOCATION  XCOORD  YCOORD  CAP  READY  DUE  TYP  SERVICETIME
0		13		24		-1		0		720	 0		0
1		36		27		-1		340		460		 2		6
2		49		45		-1		527		647		 2		6
3		17		28		-1		210		330		 2		6
4		50		33		-1		1		121		 2		6
5		27		31		-1		274		394		 2		6
6		50		4		-1		435		555		 2		6
7		45		18		-1		67		187		 2		6
8		41		31		-1		28		148		 2		6
9		12		6		-1		294		414		 2		6
10		12		11		-1		316		436		 2		6
11		11		32		-1		199		319		 2		6
12		10		44		-1		320		440		 2		6
13		42		41		-1		329		449		 2		6
14		48		42		-1		270		390		 2		6
15		7		42		-1		369		489		 2		6
16		40		11		-1		200		320		 2		6
17		48		18		-1		61		181		 2		6
18		32		24		-1		564		684		 2		6
19		2		5		-1		113		233		 2		6
20		19		5		-1		215		335		 2		6
21		3		27		-1		1		121		 2		6
22		20		8		-1		123		243		 2		6
23		44		36		-1		597		717		 2		6
24		34		40		-1		446		566		 2		6
25		39		27		-1		147		267		 2		6
26		24		17		-1		396		516		 2		6
27		1		8		-1		559		679		 2		6
28		7		7		-1		514		634		 2		6
29		25		35		-1		371		491		 2		6
30		47		3		-1		403		523		 2		6
31		34		7		-1		487		607		 2		6
32		44		9		-1		57		177		 2		6
33		35		30		-1		346		466		 2		6
34		7		23		-1		324		444		 2		6
35		16		41		-1		251		371		 2		6
36		50		26		-1		370		490		 2		6
37		23		17		-1		287		407		 2		6
38		13		16		-1		249		369		 2		6
39		33		42		3		171		651		 1		4
40		13		7		3		126		606		 1		4
41		10		40		3		51		531		 1		4
42		22		43		3		27		507		 1		4
43		44		34		5		49		529		 1		4
44		32		32		5		194		674		 1		4
45		11		28		4		236		716		 1		4
46		34		5		4		35		515		 1		4
47		45		44		5		159		639		 1		4
48		32		35		3		116		596		 1		4
OPTION  LOCATION  CUSTOMER  PRIO  SERVICETIME   COST
0		40		0		0		2		0
1		46		1		0		2		0
2		42		2		0		2		0
3		45		3		0		2		0
4		40		4		0		2		0
5		46		5		0		2		0
6		40		6		0		2		0
7		46		7		0		2		0
8		43		8		0		2		0
9		47		9		0		2		0
10		42		10		0		2		0
11		48		11		0		2		0
12		1		12		0		5		0
13		2		13		0		5		0
14		3		14		0		5		0
15		4		15		0		5		0
16		5		16		0		5		0
17		6		17		0		5		0
18		7		18		0		5		0
19		8		19		0		5		0
20		9		20		0		5		0
21		10		21		0		5		0
22		11		22		0		5		0
23		12		23		0		5		0
24		13		24		0		5		0
25		39		24		1		2		0
26		14		25		0		5		0
27		44		25		1		2		0
28		15		26		1		5		0
29		46		26		0		2		0
30		16		27		1		5		0
31		43		27		0		2		0
32		17		28		0		5		0
33		44		28		1		2		0
34		18		29		0		5		0
35		42		29		1		2		0
36		19		30		0		5		0
37		43		30		1		2		0
38		20		31		0		5		0
39		46		31		1		2		0
40		21		32		1		5		0
41		40		32		0		2		0
42		22		33		0		5		0
43		40		33		1		2		0
44		23		34		0		5		0
45		47		34		1		2		0
46		24		35		0		5		0
47		39		35		1		2		0
48		25		36		0		5		0
49		39		36		1		2		0
50		26		37		1		5		0
51		40		37		0		2		0
52		27		38		1		5		0
53		44		38		0		2		0
54		28		39		0		5		0
55		41		39		1		2		0
56		29		40		1		5		0
57		39		40		0		2		0
58		30		41		0		5		0
59		48		41		1		2		0
60		31		42		1		5		0
61		44		42		0		2		0
62		32		43		1		5		0
63		41		43		0		2		0
64		33		44		0		5		0
65		39		44		1		2		0
66		34		45		0		5		0
67		44		45		1		2		0
68		35		46		1		5		0
69		48		46		0		2		0
70		36		47		0		5		0
71		40		47		1		2		0
72		37		48		0		5		0
73		47		48		1		2		0
74		38		49		1		5		0
75		45		49		0		2		0
