U_50medium_8.txt

VEHICLE     CAPACITY  LOCATIONS  CUSTOMER  OPTIONS  PRIORITIES  NUMTYPS
10		150		61		50		100		3		4

CUSTOMER  DEMAND
0	 19
1	 15
2	 11
3	 14
4	 11
5	 10
6	 10
7	 20
8	 12
9	 13
10	 15
11	 19
12	 13
13	 15
14	 15
15	 15
16	 14
17	 17
18	 14
19	 18
20	 12
21	 15
22	 18
23	 10
24	 11
25	 11
26	 14
27	 11
28	 13
29	 12
30	 17
31	 16
32	 19
33	 10
34	 10
35	 14
36	 19
37	 14
38	 13
39	 13
40	 16
41	 19
42	 17
43	 17
44	 16
45	 14
46	 12
47	 20
48	 17
49	 11

LOCATION  XCOORD  YCOORD  CAP  READY  DUE  TYP  SERVICETIME
0		40		32		-1		0		720	 0		0
1		8		36		-1		55		175		 2		6
2		16		33		-1		36		156		 2		6
3		21		37		-1		104		224		 2		6
4		32		32		-1		566		686		 2		6
5		38		31		-1		128		248		 2		6
6		35		48		-1		70		190		 2		6
7		12		22		-1		3		123		 2		6
8		13		8		-1		267		387		 2		6
9		18		5		-1		572		692		 2		6
10		43		25		-1		228		348		 2		6
11		38		32		-1		45		165		 2		6
12		3		48		-1		546		666		 2		6
13		17		22		-1		133		253		 2		6
14		11		24		-1		120		240		 2		6
15		3		7		-1		513		633		 2		6
16		22		26		-1		72		192		 2		6
17		4		8		-1		598		718		 2		6
18		42		34		-1		147		267		 2		6
19		3		26		-1		381		501		 2		6
20		2		18		-1		442		562		 2		6
21		37		50		-1		302		422		 2		6
22		49		8		-1		262		382		 2		6
23		45		31		-1		456		576		 2		6
24		40		10		-1		494		614		 2		6
25		3		5		-1		255		375		 2		6
26		9		30		-1		545		665		 2		6
27		21		43		-1		273		393		 2		6
28		46		25		-1		453		573		 2		6
29		33		38		-1		79		199		 2		6
30		6		45		-1		310		430		 2		6
31		2		37		-1		399		519		 2		6
32		22		1		-1		385		505		 2		6
33		8		49		-1		428		548		 2		6
34		35		42		-1		356		476		 2		6
35		37		11		-1		418		538		 2		6
36		4		18		-1		546		666		 2		6
37		30		15		-1		224		344		 2		6
38		27		7		-1		505		625		 2		6
39		36		1		-1		196		316		 2		6
40		4		49		-1		311		431		 2		6
41		15		46		-1		536		656		 2		6
42		4		48		-1		361		481		 2		6
43		6		42		-1		235		355		 2		6
44		18		42		-1		409		529		 2		6
45		16		6		-1		285		405		 2		6
46		47		39		-1		390		510		 2		6
47		3		33		-1		258		378		 2		6
48		4		8		-1		227		347		 2		6
49		12		6		-1		501		621		 2		6
50		30		24		-1		245		365		 2		6
51		27		18		4		139		619		 1		4
52		40		11		4		67		547		 1		4
53		35		36		5		72		552		 1		4
54		40		43		3		206		686		 1		4
55		20		36		4		146		626		 1		4
56		11		35		4		144		624		 1		4
57		45		44		4		81		561		 1		4
58		13		38		4		77		557		 1		4
59		8		30		3		10		490		 1		4
60		38		20		3		62		542		 1		4
OPTION  LOCATION  CUSTOMER  PRIO  SERVICETIME   COST
0		56		0		0		2		0
1		51		1		0		2		0
2		51		2		0		2		0
3		55		3		0		2		0
4		55		4		0		2		0
5		57		5		0		2		0
6		55		6		0		2		0
7		56		7		0		2		0
8		54		8		0		2		0
9		53		9		0		2		0
10		1		10		0		5		0
11		2		11		0		5		0
12		3		12		0		5		0
13		4		13		0		5		0
14		5		14		0		5		0
15		6		15		0		5		0
16		7		16		0		5		0
17		8		17		0		5		0
18		9		18		0		5		0
19		10		19		0		5		0
20		11		20		0		5		0
21		60		20		1		2		0
22		12		21		0		5		0
23		51		21		1		2		0
24		13		22		0		5		0
25		58		22		1		2		0
26		14		23		0		5		0
27		56		23		1		2		0
28		15		24		0		5		0
29		56		24		1		2		0
30		16		25		0		5		0
31		58		25		1		2		0
32		17		26		0		5		0
33		55		26		1		2		0
34		18		27		1		5		0
35		60		27		0		2		0
36		19		28		0		5		0
37		55		28		1		2		0
38		20		29		0		5		0
39		56		29		1		2		0
40		21		30		0		5		0
41		53		30		1		2		0
42		60		30		2		2		0
43		22		31		2		5		0
44		53		31		0		2		0
45		56		31		1		2		0
46		23		32		2		5		0
47		55		32		0		2		0
48		56		32		1		2		0
49		24		33		1		5		0
50		57		33		2		2		0
51		59		33		0		2		0
52		25		34		0		5		0
53		60		34		1		2		0
54		53		34		2		2		0
55		26		35		2		5		0
56		51		35		1		2		0
57		58		35		0		2		0
58		27		36		2		5		0
59		59		36		1		2		0
60		55		36		0		2		0
61		28		37		0		5		0
62		59		37		1		2		0
63		57		37		2		2		0
64		29		38		0		5		0
65		54		38		1		2		0
66		60		38		2		2		0
67		30		39		0		5		0
68		53		39		2		2		0
69		60		39		1		2		0
70		31		40		2		5		0
71		32		40		1		5		0
72		59		40		0		2		0
73		33		41		2		5		0
74		34		41		0		5		0
75		56		41		1		2		0
76		35		42		1		5		0
77		36		42		2		5		0
78		51		42		0		2		0
79		37		43		1		5		0
80		38		43		0		5		0
81		58		43		2		2		0
82		39		44		1		5		0
83		40		44		2		5		0
84		55		44		0		2		0
85		41		45		2		5		0
86		42		45		0		5		0
87		53		45		1		2		0
88		43		46		0		5		0
89		44		46		2		5		0
90		59		46		1		2		0
91		45		47		2		5		0
92		46		47		0		5		0
93		54		47		1		2		0
94		47		48		1		5		0
95		48		48		0		5		0
96		52		48		2		2		0
97		49		49		1		5		0
98		50		49		0		5		0
99		53		49		2		2		0
