U_50medium_10.txt

VEHICLE     CAPACITY  LOCATIONS  CUSTOMER  OPTIONS  PRIORITIES  NUMTYPS
10		150		61		50		100		3		4

CUSTOMER  DEMAND
0	 10
1	 19
2	 10
3	 19
4	 15
5	 13
6	 19
7	 12
8	 14
9	 16
10	 13
11	 19
12	 15
13	 16
14	 10
15	 10
16	 11
17	 10
18	 14
19	 18
20	 20
21	 16
22	 12
23	 10
24	 20
25	 14
26	 10
27	 18
28	 19
29	 14
30	 16
31	 17
32	 10
33	 11
34	 11
35	 10
36	 20
37	 16
38	 18
39	 12
40	 10
41	 11
42	 18
43	 17
44	 16
45	 10
46	 18
47	 15
48	 14
49	 16

LOCATION  XCOORD  YCOORD  CAP  READY  DUE  TYP  SERVICETIME
0		14		2		-1		0		720	 0		0
1		34		49		-1		592		712		 2		6
2		16		45		-1		511		631		 2		6
3		37		26		-1		238		358		 2		6
4		17		26		-1		99		219		 2		6
5		28		10		-1		52		172		 2		6
6		41		48		-1		46		166		 2		6
7		14		32		-1		340		460		 2		6
8		40		39		-1		435		555		 2		6
9		47		12		-1		32		152		 2		6
10		32		25		-1		132		252		 2		6
11		50		18		-1		33		153		 2		6
12		11		12		-1		507		627		 2		6
13		32		49		-1		565		685		 2		6
14		6		31		-1		403		523		 2		6
15		50		21		-1		347		467		 2		6
16		50		47		-1		547		667		 2		6
17		4		26		-1		272		392		 2		6
18		41		5		-1		488		608		 2		6
19		14		16		-1		555		675		 2		6
20		39		5		-1		25		145		 2		6
21		12		38		-1		339		459		 2		6
22		14		37		-1		499		619		 2		6
23		9		7		-1		373		493		 2		6
24		5		45		-1		26		146		 2		6
25		1		39		-1		110		230		 2		6
26		38		36		-1		568		688		 2		6
27		23		32		-1		188		308		 2		6
28		14		27		-1		274		394		 2		6
29		50		13		-1		476		596		 2		6
30		39		24		-1		234		354		 2		6
31		34		25		-1		213		333		 2		6
32		43		12		-1		335		455		 2		6
33		34		11		-1		134		254		 2		6
34		42		15		-1		587		707		 2		6
35		24		23		-1		112		232		 2		6
36		9		15		-1		380		500		 2		6
37		41		2		-1		313		433		 2		6
38		8		15		-1		419		539		 2		6
39		19		37		-1		240		360		 2		6
40		36		2		-1		106		226		 2		6
41		9		49		-1		549		669		 2		6
42		40		41		-1		542		662		 2		6
43		30		28		-1		351		471		 2		6
44		1		24		-1		42		162		 2		6
45		7		21		-1		58		178		 2		6
46		9		49		-1		501		621		 2		6
47		5		14		-1		506		626		 2		6
48		4		37		-1		179		299		 2		6
49		12		36		-1		346		466		 2		6
50		29		3		-1		200		320		 2		6
51		44		9		3		151		631		 1		4
52		19		14		3		203		683		 1		4
53		19		5		4		46		526		 1		4
54		27		27		4		45		525		 1		4
55		21		5		5		113		593		 1		4
56		11		39		5		160		640		 1		4
57		13		6		5		79		559		 1		4
58		22		28		4		13		493		 1		4
59		12		28		3		196		676		 1		4
60		26		29		4		55		535		 1		4
OPTION  LOCATION  CUSTOMER  PRIO  SERVICETIME   COST
0		58		0		0		2		0
1		60		1		0		2		0
2		54		2		0		2		0
3		55		3		0		2		0
4		52		4		0		2		0
5		51		5		0		2		0
6		55		6		0		2		0
7		51		7		0		2		0
8		51		8		0		2		0
9		52		9		0		2		0
10		1		10		0		5		0
11		2		11		0		5		0
12		3		12		0		5		0
13		4		13		0		5		0
14		5		14		0		5		0
15		6		15		0		5		0
16		7		16		0		5		0
17		8		17		0		5		0
18		9		18		0		5		0
19		10		19		0		5		0
20		11		20		0		5		0
21		59		20		1		2		0
22		12		21		1		5		0
23		55		21		0		2		0
24		13		22		1		5		0
25		54		22		0		2		0
26		14		23		0		5		0
27		60		23		1		2		0
28		15		24		0		5		0
29		52		24		1		2		0
30		16		25		1		5		0
31		54		25		0		2		0
32		17		26		1		5		0
33		53		26		0		2		0
34		18		27		0		5		0
35		58		27		1		2		0
36		19		28		1		5		0
37		51		28		0		2		0
38		20		29		0		5		0
39		53		29		1		2		0
40		21		30		0		5		0
41		58		30		1		2		0
42		59		30		2		2		0
43		22		31		1		5		0
44		51		31		2		2		0
45		52		31		0		2		0
46		23		32		0		5		0
47		55		32		1		2		0
48		51		32		2		2		0
49		24		33		2		5		0
50		58		33		1		2		0
51		55		33		0		2		0
52		25		34		0		5		0
53		52		34		2		2		0
54		58		34		1		2		0
55		26		35		2		5		0
56		51		35		1		2		0
57		56		35		0		2		0
58		27		36		2		5		0
59		60		36		1		2		0
60		52		36		0		2		0
61		28		37		2		5		0
62		58		37		0		2		0
63		56		37		1		2		0
64		29		38		2		5		0
65		55		38		0		2		0
66		60		38		1		2		0
67		30		39		0		5		0
68		51		39		2		2		0
69		58		39		1		2		0
70		31		40		1		5		0
71		32		40		2		5		0
72		52		40		0		2		0
73		33		41		0		5		0
74		34		41		1		5		0
75		53		41		2		2		0
76		35		42		0		5		0
77		36		42		2		5		0
78		54		42		1		2		0
79		37		43		0		5		0
80		38		43		1		5		0
81		54		43		2		2		0
82		39		44		0		5		0
83		40		44		1		5		0
84		60		44		2		2		0
85		41		45		2		5		0
86		42		45		0		5		0
87		52		45		1		2		0
88		43		46		1		5		0
89		44		46		2		5		0
90		54		46		0		2		0
91		45		47		0		5		0
92		46		47		1		5		0
93		56		47		2		2		0
94		47		48		0		5		0
95		48		48		1		5		0
96		52		48		2		2		0
97		49		49		0		5		0
98		50		49		2		5		0
99		52		49		1		2		0
