U_50medium_7.txt

VEHICLE     CAPACITY  LOCATIONS  CUSTOMER  OPTIONS  PRIORITIES  NUMTYPS
10		150		61		50		100		3		4

CUSTOMER  DEMAND
0	 14
1	 12
2	 10
3	 19
4	 13
5	 14
6	 13
7	 12
8	 18
9	 12
10	 11
11	 13
12	 18
13	 17
14	 10
15	 16
16	 11
17	 11
18	 13
19	 19
20	 14
21	 14
22	 19
23	 13
24	 18
25	 15
26	 16
27	 13
28	 16
29	 13
30	 13
31	 12
32	 12
33	 10
34	 17
35	 18
36	 15
37	 16
38	 17
39	 10
40	 18
41	 20
42	 15
43	 10
44	 17
45	 13
46	 15
47	 14
48	 13
49	 16

LOCATION  XCOORD  YCOORD  CAP  READY  DUE  TYP  SERVICETIME
0		49		42		-1		0		720	 0		0
1		26		8		-1		553		673		 2		6
2		10		50		-1		6		126		 2		6
3		9		27		-1		547		667		 2		6
4		37		31		-1		428		548		 2		6
5		24		6		-1		481		601		 2		6
6		37		47		-1		438		558		 2		6
7		4		33		-1		465		585		 2		6
8		39		2		-1		283		403		 2		6
9		46		38		-1		231		351		 2		6
10		31		24		-1		347		467		 2		6
11		9		2		-1		252		372		 2		6
12		30		30		-1		333		453		 2		6
13		28		31		-1		583		703		 2		6
14		37		34		-1		554		674		 2		6
15		1		5		-1		131		251		 2		6
16		37		3		-1		150		270		 2		6
17		19		40		-1		34		154		 2		6
18		37		5		-1		157		277		 2		6
19		40		24		-1		442		562		 2		6
20		17		30		-1		263		383		 2		6
21		24		28		-1		336		456		 2		6
22		9		3		-1		411		531		 2		6
23		35		19		-1		532		652		 2		6
24		4		34		-1		414		534		 2		6
25		18		15		-1		356		476		 2		6
26		2		34		-1		466		586		 2		6
27		35		22		-1		4		124		 2		6
28		3		1		-1		21		141		 2		6
29		6		32		-1		288		408		 2		6
30		13		27		-1		545		665		 2		6
31		43		9		-1		432		552		 2		6
32		45		4		-1		587		707		 2		6
33		29		37		-1		296		416		 2		6
34		10		3		-1		162		282		 2		6
35		29		47		-1		465		585		 2		6
36		1		37		-1		37		157		 2		6
37		8		9		-1		594		714		 2		6
38		25		40		-1		414		534		 2		6
39		30		15		-1		504		624		 2		6
40		34		6		-1		47		167		 2		6
41		6		49		-1		530		650		 2		6
42		36		1		-1		243		363		 2		6
43		7		22		-1		308		428		 2		6
44		30		16		-1		364		484		 2		6
45		32		26		-1		270		390		 2		6
46		26		14		-1		194		314		 2		6
47		23		42		-1		468		588		 2		6
48		41		7		-1		272		392		 2		6
49		40		45		-1		173		293		 2		6
50		1		44		-1		395		515		 2		6
51		40		10		5		51		531		 1		4
52		40		23		3		154		634		 1		4
53		24		15		4		178		658		 1		4
54		29		18		3		93		573		 1		4
55		19		18		5		216		696		 1		4
56		5		38		4		190		670		 1		4
57		14		44		5		182		662		 1		4
58		38		28		3		184		664		 1		4
59		43		15		5		205		685		 1		4
60		45		17		3		31		511		 1		4
OPTION  LOCATION  CUSTOMER  PRIO  SERVICETIME   COST
0		52		0		0		2		0
1		60		1		0		2		0
2		55		2		0		2		0
3		58		3		0		2		0
4		59		4		0		2		0
5		60		5		0		2		0
6		51		6		0		2		0
7		57		7		0		2		0
8		53		8		0		2		0
9		59		9		0		2		0
10		1		10		0		5		0
11		2		11		0		5		0
12		3		12		0		5		0
13		4		13		0		5		0
14		5		14		0		5		0
15		6		15		0		5		0
16		7		16		0		5		0
17		8		17		0		5		0
18		9		18		0		5		0
19		10		19		0		5		0
20		11		20		0		5		0
21		54		20		1		2		0
22		12		21		0		5		0
23		55		21		1		2		0
24		13		22		0		5		0
25		60		22		1		2		0
26		14		23		0		5		0
27		52		23		1		2		0
28		15		24		0		5		0
29		51		24		1		2		0
30		16		25		0		5		0
31		57		25		1		2		0
32		17		26		1		5		0
33		58		26		0		2		0
34		18		27		1		5		0
35		60		27		0		2		0
36		19		28		0		5		0
37		54		28		1		2		0
38		20		29		0		5		0
39		58		29		1		2		0
40		21		30		1		5		0
41		55		30		2		2		0
42		52		30		0		2		0
43		22		31		0		5		0
44		54		31		1		2		0
45		53		31		2		2		0
46		23		32		0		5		0
47		58		32		1		2		0
48		51		32		2		2		0
49		24		33		1		5		0
50		55		33		0		2		0
51		57		33		2		2		0
52		25		34		0		5		0
53		54		34		1		2		0
54		56		34		2		2		0
55		26		35		0		5		0
56		57		35		1		2		0
57		54		35		2		2		0
58		27		36		0		5		0
59		51		36		1		2		0
60		53		36		2		2		0
61		28		37		0		5		0
62		59		37		2		2		0
63		53		37		1		2		0
64		29		38		2		5		0
65		54		38		0		2		0
66		53		38		1		2		0
67		30		39		1		5		0
68		53		39		0		2		0
69		56		39		2		2		0
70		31		40		1		5		0
71		32		40		2		5		0
72		60		40		0		2		0
73		33		41		1		5		0
74		34		41		2		5		0
75		60		41		0		2		0
76		35		42		1		5		0
77		36		42		0		5		0
78		58		42		2		2		0
79		37		43		2		5		0
80		38		43		1		5		0
81		60		43		0		2		0
82		39		44		2		5		0
83		40		44		0		5		0
84		55		44		1		2		0
85		41		45		0		5		0
86		42		45		1		5		0
87		59		45		2		2		0
88		43		46		2		5		0
89		44		46		1		5		0
90		53		46		0		2		0
91		45		47		0		5		0
92		46		47		1		5		0
93		55		47		2		2		0
94		47		48		2		5		0
95		48		48		1		5		0
96		59		48		0		2		0
97		49		49		1		5		0
98		50		49		0		5		0
99		60		49		2		2		0
