U_50medium_5.txt

VEHICLE     CAPACITY  LOCATIONS  CUSTOMER  OPTIONS  PRIORITIES  NUMTYPS
10		150		61		50		100		3		4

CUSTOMER  DEMAND
0	 17
1	 14
2	 10
3	 18
4	 14
5	 13
6	 11
7	 11
8	 17
9	 10
10	 19
11	 20
12	 12
13	 15
14	 19
15	 10
16	 18
17	 18
18	 20
19	 10
20	 17
21	 17
22	 12
23	 13
24	 16
25	 15
26	 20
27	 10
28	 11
29	 12
30	 17
31	 11
32	 14
33	 20
34	 11
35	 10
36	 16
37	 10
38	 11
39	 10
40	 11
41	 18
42	 15
43	 13
44	 19
45	 11
46	 18
47	 16
48	 13
49	 20

LOCATION  XCOORD  YCOORD  CAP  READY  DUE  TYP  SERVICETIME
0		29		11		-1		0		720	 0		0
1		26		17		-1		206		326		 2		6
2		25		50		-1		73		193		 2		6
3		31		17		-1		471		591		 2		6
4		8		48		-1		376		496		 2		6
5		42		4		-1		237		357		 2		6
6		46		32		-1		419		539		 2		6
7		12		9		-1		300		420		 2		6
8		50		42		-1		67		187		 2		6
9		9		44		-1		6		126		 2		6
10		6		26		-1		493		613		 2		6
11		23		39		-1		292		412		 2		6
12		30		10		-1		461		581		 2		6
13		6		5		-1		408		528		 2		6
14		33		21		-1		276		396		 2		6
15		41		1		-1		176		296		 2		6
16		28		25		-1		441		561		 2		6
17		49		46		-1		360		480		 2		6
18		8		23		-1		234		354		 2		6
19		7		37		-1		512		632		 2		6
20		39		15		-1		133		253		 2		6
21		1		27		-1		392		512		 2		6
22		7		37		-1		298		418		 2		6
23		41		42		-1		466		586		 2		6
24		43		21		-1		533		653		 2		6
25		37		17		-1		346		466		 2		6
26		18		27		-1		259		379		 2		6
27		50		22		-1		5		125		 2		6
28		13		42		-1		171		291		 2		6
29		41		46		-1		75		195		 2		6
30		18		43		-1		419		539		 2		6
31		48		15		-1		184		304		 2		6
32		42		12		-1		308		428		 2		6
33		37		24		-1		255		375		 2		6
34		48		2		-1		40		160		 2		6
35		38		27		-1		536		656		 2		6
36		18		17		-1		102		222		 2		6
37		29		11		-1		364		484		 2		6
38		25		46		-1		359		479		 2		6
39		14		37		-1		132		252		 2		6
40		41		45		-1		136		256		 2		6
41		39		17		-1		246		366		 2		6
42		42		41		-1		208		328		 2		6
43		7		11		-1		264		384		 2		6
44		12		1		-1		213		333		 2		6
45		43		39		-1		500		620		 2		6
46		26		17		-1		134		254		 2		6
47		1		5		-1		420		540		 2		6
48		16		24		-1		369		489		 2		6
49		47		31		-1		524		644		 2		6
50		24		2		-1		535		655		 2		6
51		20		25		3		9		489		 1		4
52		43		32		5		50		530		 1		4
53		33		20		3		4		484		 1		4
54		11		24		3		122		602		 1		4
55		6		17		4		162		642		 1		4
56		39		35		3		189		669		 1		4
57		39		16		3		71		551		 1		4
58		41		10		3		33		513		 1		4
59		26		7		5		49		529		 1		4
60		13		20		4		64		544		 1		4
OPTION  LOCATION  CUSTOMER  PRIO  SERVICETIME   COST
0		55		0		0		2		0
1		51		1		0		2		0
2		56		2		0		2		0
3		54		3		0		2		0
4		53		4		0		2		0
5		60		5		0		2		0
6		56		6		0		2		0
7		55		7		0		2		0
8		58		8		0		2		0
9		57		9		0		2		0
10		1		10		0		5		0
11		2		11		0		5		0
12		3		12		0		5		0
13		4		13		0		5		0
14		5		14		0		5		0
15		6		15		0		5		0
16		7		16		0		5		0
17		8		17		0		5		0
18		9		18		0		5		0
19		10		19		0		5		0
20		11		20		1		5		0
21		57		20		0		2		0
22		12		21		1		5		0
23		53		21		0		2		0
24		13		22		0		5		0
25		60		22		1		2		0
26		14		23		1		5		0
27		57		23		0		2		0
28		15		24		0		5		0
29		52		24		1		2		0
30		16		25		1		5		0
31		56		25		0		2		0
32		17		26		0		5		0
33		52		26		1		2		0
34		18		27		0		5		0
35		57		27		1		2		0
36		19		28		1		5		0
37		59		28		0		2		0
38		20		29		0		5		0
39		54		29		1		2		0
40		21		30		2		5		0
41		60		30		1		2		0
42		52		30		0		2		0
43		22		31		0		5		0
44		55		31		2		2		0
45		51		31		1		2		0
46		23		32		0		5		0
47		52		32		1		2		0
48		54		32		2		2		0
49		24		33		1		5		0
50		55		33		0		2		0
51		58		33		2		2		0
52		25		34		1		5		0
53		53		34		2		2		0
54		59		34		0		2		0
55		26		35		0		5		0
56		54		35		2		2		0
57		58		35		1		2		0
58		27		36		1		5		0
59		58		36		0		2		0
60		57		36		2		2		0
61		28		37		2		5		0
62		56		37		0		2		0
63		55		37		1		2		0
64		29		38		1		5		0
65		51		38		2		2		0
66		55		38		0		2		0
67		30		39		1		5		0
68		57		39		2		2		0
69		60		39		0		2		0
70		31		40		1		5		0
71		32		40		2		5		0
72		59		40		0		2		0
73		33		41		0		5		0
74		34		41		1		5		0
75		52		41		2		2		0
76		35		42		1		5		0
77		36		42		0		5		0
78		56		42		2		2		0
79		37		43		0		5		0
80		38		43		1		5		0
81		58		43		2		2		0
82		39		44		1		5		0
83		40		44		2		5		0
84		52		44		0		2		0
85		41		45		1		5		0
86		42		45		2		5		0
87		51		45		0		2		0
88		43		46		2		5		0
89		44		46		1		5		0
90		60		46		0		2		0
91		45		47		1		5		0
92		46		47		2		5		0
93		52		47		0		2		0
94		47		48		1		5		0
95		48		48		2		5		0
96		60		48		0		2		0
97		49		49		2		5		0
98		50		49		0		5		0
99		53		49		1		2		0
