U_25small_8.txt

VEHICLE     CAPACITY  LOCATIONS  CUSTOMER  OPTIONS  PRIORITIES  NUMTYPS
10		150		31		25		50		3		4

CUSTOMER  DEMAND
0	 19
1	 18
2	 16
3	 10
4	 16
5	 12
6	 15
7	 14
8	 13
9	 19
10	 20
11	 13
12	 10
13	 16
14	 15
15	 16
16	 14
17	 10
18	 16
19	 15
20	 18
21	 14
22	 20
23	 10
24	 13

LOCATION  XCOORD  YCOORD  CAP  READY  DUE  TYP  SERVICETIME
0		10		13		-1		0		720	 0		0
1		20		1		-1		151		211		 2		6
2		32		49		-1		657		717		 2		6
3		5		1		-1		157		217		 2		6
4		6		9		-1		62		122		 2		6
5		2		14		-1		121		181		 2		6
6		4		44		-1		613		673		 2		6
7		22		7		-1		150		210		 2		6
8		40		38		-1		207		267		 2		6
9		41		2		-1		69		129		 2		6
10		30		44		-1		512		572		 2		6
11		28		50		-1		250		310		 2		6
12		8		16		-1		263		323		 2		6
13		18		31		-1		519		579		 2		6
14		11		8		-1		470		530		 2		6
15		3		26		-1		143		203		 2		6
16		13		42		-1		195		255		 2		6
17		1		18		-1		595		655		 2		6
18		23		25		-1		340		400		 2		6
19		33		20		-1		449		509		 2		6
20		3		16		-1		406		466		 2		6
21		33		24		-1		180		240		 2		6
22		50		49		-1		334		394		 2		6
23		1		26		-1		83		143		 2		6
24		46		13		-1		418		478		 2		6
25		47		4		-1		171		231		 2		6
26		35		17		4		119		359		 1		4
27		21		20		3		6		246		 1		4
28		16		9		5		34		274		 1		4
29		19		12		4		401		641		 1		4
30		39		26		5		420		660		 1		4
OPTION  LOCATION  CUSTOMER  PRIO  SERVICETIME   COST
0		28		0		0		2		0
1		29		1		0		2		0
2		30		2		0		2		0
3		27		3		0		2		0
4		28		4		0		2		0
5		1		5		0		5		0
6		2		6		0		5		0
7		3		7		0		5		0
8		4		8		0		5		0
9		5		9		0		5		0
10		6		10		1		5		0
11		30		10		0		2		0
12		7		11		0		5		0
13		30		11		1		2		0
14		8		12		1		5		0
15		28		12		0		2		0
16		9		13		0		5		0
17		29		13		1		2		0
18		10		14		0		5		0
19		26		14		1		2		0
20		11		15		1		5		0
21		27		15		2		2		0
22		29		15		0		2		0
23		12		16		2		5		0
24		26		16		0		2		0
25		27		16		1		2		0
26		13		17		0		5		0
27		29		17		2		2		0
28		26		17		1		2		0
29		14		18		1		5		0
30		26		18		0		2		0
31		27		18		2		2		0
32		15		19		1		5		0
33		29		19		2		2		0
34		30		19		0		2		0
35		16		20		2		5		0
36		17		20		1		5		0
37		30		20		0		2		0
38		18		21		2		5		0
39		19		21		1		5		0
40		29		21		0		2		0
41		20		22		0		5		0
42		21		22		1		5		0
43		26		22		2		2		0
44		22		23		1		5		0
45		23		23		0		5		0
46		28		23		2		2		0
47		24		24		2		5		0
48		25		24		1		5		0
49		28		24		0		2		0
