U_25small_7.txt

VEHICLE     CAPACITY  LOCATIONS  CUSTOMER  OPTIONS  PRIORITIES  NUMTYPS
10		150		31		25		50		3		4

CUSTOMER  DEMAND
0	 15
1	 12
2	 18
3	 15
4	 19
5	 20
6	 16
7	 19
8	 17
9	 18
10	 10
11	 13
12	 16
13	 11
14	 15
15	 12
16	 18
17	 15
18	 11
19	 16
20	 11
21	 16
22	 15
23	 11
24	 15

LOCATION  XCOORD  YCOORD  CAP  READY  DUE  TYP  SERVICETIME
0		42		42		-1		0		720	 0		0
1		29		35		-1		307		367		 2		6
2		35		38		-1		131		191		 2		6
3		14		14		-1		279		339		 2		6
4		32		32		-1		168		228		 2		6
5		12		24		-1		41		101		 2		6
6		25		34		-1		84		144		 2		6
7		37		4		-1		229		289		 2		6
8		47		34		-1		264		324		 2		6
9		42		11		-1		135		195		 2		6
10		12		36		-1		58		118		 2		6
11		27		14		-1		326		386		 2		6
12		18		49		-1		413		473		 2		6
13		23		17		-1		67		127		 2		6
14		43		44		-1		78		138		 2		6
15		37		10		-1		339		399		 2		6
16		29		25		-1		169		229		 2		6
17		18		19		-1		232		292		 2		6
18		44		40		-1		519		579		 2		6
19		16		16		-1		162		222		 2		6
20		5		37		-1		117		177		 2		6
21		36		47		-1		166		226		 2		6
22		28		39		-1		379		439		 2		6
23		24		2		-1		648		708		 2		6
24		23		50		-1		315		375		 2		6
25		38		19		-1		497		557		 2		6
26		23		10		3		432		672		 1		4
27		27		5		4		41		281		 1		4
28		28		18		3		281		521		 1		4
29		42		29		3		196		436		 1		4
30		21		19		5		290		530		 1		4
OPTION  LOCATION  CUSTOMER  PRIO  SERVICETIME   COST
0		28		0		0		2		0
1		27		1		0		2		0
2		27		2		0		2		0
3		28		3		0		2		0
4		26		4		0		2		0
5		1		5		0		5		0
6		2		6		0		5		0
7		3		7		0		5		0
8		4		8		0		5		0
9		5		9		0		5		0
10		6		10		0		5		0
11		28		10		1		2		0
12		7		11		0		5		0
13		27		11		1		2		0
14		8		12		0		5		0
15		29		12		1		2		0
16		9		13		0		5		0
17		27		13		1		2		0
18		10		14		1		5		0
19		29		14		0		2		0
20		11		15		1		5		0
21		26		15		2		2		0
22		28		15		0		2		0
23		12		16		2		5		0
24		30		16		0		2		0
25		26		16		1		2		0
26		13		17		1		5		0
27		26		17		2		2		0
28		27		17		0		2		0
29		14		18		2		5		0
30		28		18		0		2		0
31		30		18		1		2		0
32		15		19		2		5		0
33		26		19		0		2		0
34		30		19		1		2		0
35		16		20		1		5		0
36		17		20		0		5		0
37		27		20		2		2		0
38		18		21		1		5		0
39		19		21		2		5		0
40		26		21		0		2		0
41		20		22		2		5		0
42		21		22		0		5		0
43		30		22		1		2		0
44		22		23		0		5		0
45		23		23		1		5		0
46		26		23		2		2		0
47		24		24		0		5		0
48		25		24		1		5		0
49		26		24		2		2		0
