U_50small_7.txt

VEHICLE     CAPACITY  LOCATIONS  CUSTOMER  OPTIONS  PRIORITIES  NUMTYPS
10		150		61		50		100		3		4

CUSTOMER  DEMAND
0	 15
1	 10
2	 19
3	 19
4	 19
5	 13
6	 12
7	 11
8	 15
9	 20
10	 17
11	 18
12	 14
13	 10
14	 11
15	 13
16	 18
17	 19
18	 14
19	 13
20	 10
21	 15
22	 14
23	 20
24	 17
25	 20
26	 18
27	 13
28	 15
29	 20
30	 20
31	 13
32	 10
33	 15
34	 12
35	 20
36	 17
37	 14
38	 17
39	 14
40	 15
41	 18
42	 15
43	 12
44	 19
45	 10
46	 10
47	 13
48	 11
49	 18

LOCATION  XCOORD  YCOORD  CAP  READY  DUE  TYP  SERVICETIME
0		30		33		-1		0		720	 0		0
1		39		35		-1		358		418		 2		6
2		9		49		-1		277		337		 2		6
3		32		46		-1		434		494		 2		6
4		43		25		-1		61		121		 2		6
5		26		44		-1		182		242		 2		6
6		8		11		-1		74		134		 2		6
7		12		23		-1		477		537		 2		6
8		34		35		-1		303		363		 2		6
9		38		36		-1		277		337		 2		6
10		24		49		-1		242		302		 2		6
11		36		30		-1		206		266		 2		6
12		7		43		-1		649		709		 2		6
13		48		18		-1		499		559		 2		6
14		27		10		-1		420		480		 2		6
15		12		1		-1		78		138		 2		6
16		42		28		-1		313		373		 2		6
17		15		18		-1		606		666		 2		6
18		32		41		-1		223		283		 2		6
19		44		9		-1		288		348		 2		6
20		20		17		-1		659		719		 2		6
21		23		14		-1		131		191		 2		6
22		6		34		-1		574		634		 2		6
23		42		25		-1		526		586		 2		6
24		21		31		-1		504		564		 2		6
25		39		44		-1		373		433		 2		6
26		4		44		-1		271		331		 2		6
27		28		30		-1		224		284		 2		6
28		1		8		-1		642		702		 2		6
29		45		22		-1		304		364		 2		6
30		9		24		-1		652		712		 2		6
31		8		23		-1		381		441		 2		6
32		17		47		-1		310		370		 2		6
33		43		18		-1		327		387		 2		6
34		1		49		-1		133		193		 2		6
35		45		36		-1		56		116		 2		6
36		46		25		-1		557		617		 2		6
37		22		23		-1		494		554		 2		6
38		12		47		-1		246		306		 2		6
39		42		1		-1		485		545		 2		6
40		42		10		-1		166		226		 2		6
41		1		24		-1		48		108		 2		6
42		40		23		-1		310		370		 2		6
43		43		4		-1		552		612		 2		6
44		32		30		-1		51		111		 2		6
45		49		5		-1		566		626		 2		6
46		4		4		-1		537		597		 2		6
47		7		44		-1		473		533		 2		6
48		31		50		-1		189		249		 2		6
49		49		35		-1		290		350		 2		6
50		39		45		-1		333		393		 2		6
51		29		37		5		253		493		 1		4
52		22		43		5		96		336		 1		4
53		40		44		5		400		640		 1		4
54		33		27		3		361		601		 1		4
55		15		32		3		179		419		 1		4
56		29		43		5		450		690		 1		4
57		30		14		3		452		692		 1		4
58		19		26		3		117		357		 1		4
59		13		40		5		385		625		 1		4
60		18		22		5		167		407		 1		4
OPTION  LOCATION  CUSTOMER  PRIO  SERVICETIME   COST
0		59		0		0		2		0
1		55		1		0		2		0
2		55		2		0		2		0
3		60		3		0		2		0
4		53		4		0		2		0
5		58		5		0		2		0
6		57		6		0		2		0
7		53		7		0		2		0
8		57		8		0		2		0
9		58		9		0		2		0
10		1		10		0		5		0
11		2		11		0		5		0
12		3		12		0		5		0
13		4		13		0		5		0
14		5		14		0		5		0
15		6		15		0		5		0
16		7		16		0		5		0
17		8		17		0		5		0
18		9		18		0		5		0
19		10		19		0		5		0
20		11		20		0		5		0
21		51		20		1		2		0
22		12		21		1		5		0
23		56		21		0		2		0
24		13		22		1		5		0
25		56		22		0		2		0
26		14		23		0		5		0
27		52		23		1		2		0
28		15		24		0		5		0
29		58		24		1		2		0
30		16		25		0		5		0
31		60		25		1		2		0
32		17		26		1		5		0
33		54		26		0		2		0
34		18		27		1		5		0
35		52		27		0		2		0
36		19		28		1		5		0
37		59		28		0		2		0
38		20		29		1		5		0
39		58		29		0		2		0
40		21		30		2		5		0
41		54		30		0		2		0
42		52		30		1		2		0
43		22		31		1		5		0
44		52		31		2		2		0
45		56		31		0		2		0
46		23		32		2		5		0
47		53		32		0		2		0
48		57		32		1		2		0
49		24		33		1		5		0
50		52		33		0		2		0
51		60		33		2		2		0
52		25		34		0		5		0
53		54		34		2		2		0
54		52		34		1		2		0
55		26		35		1		5		0
56		55		35		0		2		0
57		52		35		2		2		0
58		27		36		0		5		0
59		56		36		2		2		0
60		60		36		1		2		0
61		28		37		1		5		0
62		58		37		0		2		0
63		55		37		2		2		0
64		29		38		2		5		0
65		53		38		0		2		0
66		57		38		1		2		0
67		30		39		2		5		0
68		52		39		1		2		0
69		56		39		0		2		0
70		31		40		2		5		0
71		32		40		0		5		0
72		57		40		1		2		0
73		33		41		1		5		0
74		34		41		2		5		0
75		54		41		0		2		0
76		35		42		1		5		0
77		36		42		2		5		0
78		56		42		0		2		0
79		37		43		1		5		0
80		38		43		2		5		0
81		59		43		0		2		0
82		39		44		2		5		0
83		40		44		0		5		0
84		51		44		1		2		0
85		41		45		2		5		0
86		42		45		0		5		0
87		58		45		1		2		0
88		43		46		2		5		0
89		44		46		1		5		0
90		56		46		0		2		0
91		45		47		2		5		0
92		46		47		1		5		0
93		55		47		0		2		0
94		47		48		2		5		0
95		48		48		0		5		0
96		53		48		1		2		0
97		49		49		0		5		0
98		50		49		2		5		0
99		59		49		1		2		0
