U_50small_1.txt

VEHICLE     CAPACITY  LOCATIONS  CUSTOMER  OPTIONS  PRIORITIES  NUMTYPS
10		150		61		50		100		3		4

CUSTOMER  DEMAND
0	 20
1	 11
2	 15
3	 10
4	 15
5	 13
6	 13
7	 16
8	 17
9	 17
10	 10
11	 14
12	 12
13	 14
14	 19
15	 19
16	 18
17	 12
18	 14
19	 11
20	 14
21	 19
22	 17
23	 15
24	 19
25	 14
26	 19
27	 11
28	 12
29	 14
30	 16
31	 19
32	 12
33	 14
34	 10
35	 20
36	 19
37	 18
38	 14
39	 16
40	 11
41	 11
42	 13
43	 16
44	 16
45	 17
46	 13
47	 17
48	 11
49	 13

LOCATION  XCOORD  YCOORD  CAP  READY  DUE  TYP  SERVICETIME
0		11		9		-1		0		720	 0		0
1		21		15		-1		130		190		 2		6
2		2		49		-1		100		160		 2		6
3		1		27		-1		354		414		 2		6
4		26		9		-1		71		131		 2		6
5		31		46		-1		110		170		 2		6
6		34		41		-1		136		196		 2		6
7		28		6		-1		57		117		 2		6
8		8		47		-1		148		208		 2		6
9		24		21		-1		233		293		 2		6
10		41		24		-1		487		547		 2		6
11		8		34		-1		616		676		 2		6
12		5		37		-1		104		164		 2		6
13		41		7		-1		554		614		 2		6
14		8		50		-1		193		253		 2		6
15		2		1		-1		94		154		 2		6
16		8		33		-1		273		333		 2		6
17		10		48		-1		269		329		 2		6
18		17		42		-1		311		371		 2		6
19		4		38		-1		261		321		 2		6
20		4		16		-1		573		633		 2		6
21		16		45		-1		472		532		 2		6
22		19		27		-1		607		667		 2		6
23		2		30		-1		539		599		 2		6
24		50		2		-1		296		356		 2		6
25		50		30		-1		490		550		 2		6
26		36		16		-1		341		401		 2		6
27		7		36		-1		51		111		 2		6
28		14		25		-1		412		472		 2		6
29		22		13		-1		637		697		 2		6
30		29		29		-1		540		600		 2		6
31		5		11		-1		234		294		 2		6
32		43		7		-1		383		443		 2		6
33		14		22		-1		206		266		 2		6
34		20		43		-1		125		185		 2		6
35		14		24		-1		611		671		 2		6
36		6		42		-1		176		236		 2		6
37		2		41		-1		525		585		 2		6
38		40		25		-1		347		407		 2		6
39		39		5		-1		386		446		 2		6
40		43		13		-1		639		699		 2		6
41		32		30		-1		230		290		 2		6
42		21		8		-1		586		646		 2		6
43		8		26		-1		455		515		 2		6
44		31		44		-1		75		135		 2		6
45		24		16		-1		619		679		 2		6
46		12		39		-1		656		716		 2		6
47		42		17		-1		463		523		 2		6
48		6		17		-1		412		472		 2		6
49		9		25		-1		591		651		 2		6
50		46		36		-1		179		239		 2		6
51		21		36		5		367		607		 1		4
52		26		36		5		329		569		 1		4
53		26		33		5		166		406		 1		4
54		21		33		5		61		301		 1		4
55		24		41		3		160		400		 1		4
56		13		31		3		69		309		 1		4
57		28		41		4		396		636		 1		4
58		41		20		3		95		335		 1		4
59		45		45		3		127		367		 1		4
60		32		36		3		84		324		 1		4
OPTION  LOCATION  CUSTOMER  PRIO  SERVICETIME   COST
0		58		0		0		2		0
1		59		1		0		2		0
2		57		2		0		2		0
3		56		3		0		2		0
4		52		4		0		2		0
5		51		5		0		2		0
6		60		6		0		2		0
7		54		7		0		2		0
8		51		8		0		2		0
9		53		9		0		2		0
10		1		10		0		5		0
11		2		11		0		5		0
12		3		12		0		5		0
13		4		13		0		5		0
14		5		14		0		5		0
15		6		15		0		5		0
16		7		16		0		5		0
17		8		17		0		5		0
18		9		18		0		5		0
19		10		19		0		5		0
20		11		20		0		5		0
21		54		20		1		2		0
22		12		21		1		5		0
23		53		21		0		2		0
24		13		22		0		5		0
25		56		22		1		2		0
26		14		23		1		5		0
27		56		23		0		2		0
28		15		24		1		5		0
29		59		24		0		2		0
30		16		25		1		5		0
31		54		25		0		2		0
32		17		26		1		5		0
33		57		26		0		2		0
34		18		27		0		5		0
35		54		27		1		2		0
36		19		28		0		5		0
37		54		28		1		2		0
38		20		29		0		5		0
39		58		29		1		2		0
40		21		30		0		5		0
41		52		30		1		2		0
42		51		30		2		2		0
43		22		31		0		5		0
44		57		31		1		2		0
45		60		31		2		2		0
46		23		32		1		5		0
47		53		32		0		2		0
48		52		32		2		2		0
49		24		33		1		5		0
50		58		33		2		2		0
51		51		33		0		2		0
52		25		34		2		5		0
53		58		34		0		2		0
54		53		34		1		2		0
55		26		35		1		5		0
56		52		35		2		2		0
57		56		35		0		2		0
58		27		36		1		5		0
59		52		36		2		2		0
60		51		36		0		2		0
61		28		37		1		5		0
62		54		37		2		2		0
63		57		37		0		2		0
64		29		38		2		5		0
65		56		38		0		2		0
66		51		38		1		2		0
67		30		39		2		5		0
68		60		39		1		2		0
69		52		39		0		2		0
70		31		40		2		5		0
71		32		40		0		5		0
72		56		40		1		2		0
73		33		41		0		5		0
74		34		41		1		5		0
75		52		41		2		2		0
76		35		42		0		5		0
77		36		42		1		5		0
78		53		42		2		2		0
79		37		43		0		5		0
80		38		43		1		5		0
81		55		43		2		2		0
82		39		44		1		5		0
83		40		44		0		5		0
84		53		44		2		2		0
85		41		45		0		5		0
86		42		45		1		5		0
87		54		45		2		2		0
88		43		46		2		5		0
89		44		46		0		5		0
90		60		46		1		2		0
91		45		47		0		5		0
92		46		47		1		5		0
93		54		47		2		2		0
94		47		48		2		5		0
95		48		48		0		5		0
96		57		48		1		2		0
97		49		49		2		5		0
98		50		49		0		5		0
99		59		49		1		2		0
