U_50small_9.txt

VEHICLE     CAPACITY  LOCATIONS  CUSTOMER  OPTIONS  PRIORITIES  NUMTYPS
10		150		61		50		100		3		4

CUSTOMER  DEMAND
0	 12
1	 14
2	 11
3	 19
4	 16
5	 14
6	 16
7	 14
8	 17
9	 12
10	 20
11	 13
12	 20
13	 13
14	 19
15	 11
16	 14
17	 16
18	 17
19	 20
20	 14
21	 11
22	 18
23	 10
24	 14
25	 15
26	 12
27	 19
28	 15
29	 11
30	 20
31	 13
32	 11
33	 16
34	 19
35	 13
36	 13
37	 14
38	 20
39	 12
40	 15
41	 15
42	 12
43	 12
44	 10
45	 10
46	 19
47	 20
48	 17
49	 14

LOCATION  XCOORD  YCOORD  CAP  READY  DUE  TYP  SERVICETIME
0		35		29		-1		0		720	 0		0
1		40		40		-1		52		112		 2		6
2		47		17		-1		388		448		 2		6
3		4		13		-1		78		138		 2		6
4		11		27		-1		282		342		 2		6
5		37		24		-1		58		118		 2		6
6		35		11		-1		575		635		 2		6
7		12		23		-1		590		650		 2		6
8		12		19		-1		481		541		 2		6
9		19		48		-1		652		712		 2		6
10		27		7		-1		433		493		 2		6
11		40		14		-1		68		128		 2		6
12		39		38		-1		468		528		 2		6
13		43		19		-1		218		278		 2		6
14		34		9		-1		65		125		 2		6
15		2		5		-1		389		449		 2		6
16		2		45		-1		252		312		 2		6
17		32		46		-1		30		90		 2		6
18		10		15		-1		622		682		 2		6
19		46		26		-1		484		544		 2		6
20		14		9		-1		428		488		 2		6
21		37		35		-1		633		693		 2		6
22		21		3		-1		322		382		 2		6
23		19		33		-1		592		652		 2		6
24		2		41		-1		575		635		 2		6
25		12		17		-1		314		374		 2		6
26		36		47		-1		301		361		 2		6
27		41		43		-1		173		233		 2		6
28		36		18		-1		346		406		 2		6
29		46		5		-1		223		283		 2		6
30		33		36		-1		214		274		 2		6
31		16		10		-1		331		391		 2		6
32		14		44		-1		216		276		 2		6
33		42		35		-1		427		487		 2		6
34		44		6		-1		317		377		 2		6
35		28		40		-1		459		519		 2		6
36		15		42		-1		533		593		 2		6
37		2		42		-1		161		221		 2		6
38		4		28		-1		583		643		 2		6
39		16		27		-1		168		228		 2		6
40		34		28		-1		501		561		 2		6
41		32		35		-1		43		103		 2		6
42		2		46		-1		249		309		 2		6
43		16		23		-1		440		500		 2		6
44		9		44		-1		107		167		 2		6
45		21		50		-1		437		497		 2		6
46		8		9		-1		331		391		 2		6
47		10		20		-1		578		638		 2		6
48		32		6		-1		643		703		 2		6
49		33		32		-1		139		199		 2		6
50		23		18		-1		354		414		 2		6
51		45		20		4		21		261		 1		4
52		45		45		4		22		262		 1		4
53		10		26		4		61		301		 1		4
54		30		30		4		458		698		 1		4
55		44		28		5		106		346		 1		4
56		19		36		3		153		393		 1		4
57		36		15		4		306		546		 1		4
58		6		43		5		145		385		 1		4
59		17		10		4		17		257		 1		4
60		26		36		3		14		254		 1		4
OPTION  LOCATION  CUSTOMER  PRIO  SERVICETIME   COST
0		52		0		0		2		0
1		56		1		0		2		0
2		53		2		0		2		0
3		56		3		0		2		0
4		51		4		0		2		0
5		52		5		0		2		0
6		54		6		0		2		0
7		51		7		0		2		0
8		53		8		0		2		0
9		55		9		0		2		0
10		1		10		0		5		0
11		2		11		0		5		0
12		3		12		0		5		0
13		4		13		0		5		0
14		5		14		0		5		0
15		6		15		0		5		0
16		7		16		0		5		0
17		8		17		0		5		0
18		9		18		0		5		0
19		10		19		0		5		0
20		11		20		0		5		0
21		54		20		1		2		0
22		12		21		0		5		0
23		53		21		1		2		0
24		13		22		0		5		0
25		55		22		1		2		0
26		14		23		0		5		0
27		51		23		1		2		0
28		15		24		1		5		0
29		51		24		0		2		0
30		16		25		0		5		0
31		60		25		1		2		0
32		17		26		0		5		0
33		56		26		1		2		0
34		18		27		0		5		0
35		54		27		1		2		0
36		19		28		0		5		0
37		56		28		1		2		0
38		20		29		1		5		0
39		53		29		0		2		0
40		21		30		0		5		0
41		60		30		2		2		0
42		52		30		1		2		0
43		22		31		0		5		0
44		55		31		2		2		0
45		59		31		1		2		0
46		23		32		0		5		0
47		57		32		1		2		0
48		53		32		2		2		0
49		24		33		1		5		0
50		53		33		2		2		0
51		54		33		0		2		0
52		25		34		0		5		0
53		51		34		1		2		0
54		54		34		2		2		0
55		26		35		1		5		0
56		54		35		2		2		0
57		51		35		0		2		0
58		27		36		1		5		0
59		60		36		0		2		0
60		53		36		2		2		0
61		28		37		0		5		0
62		55		37		1		2		0
63		56		37		2		2		0
64		29		38		0		5		0
65		54		38		2		2		0
66		59		38		1		2		0
67		30		39		2		5		0
68		60		39		0		2		0
69		52		39		1		2		0
70		31		40		0		5		0
71		32		40		1		5		0
72		51		40		2		2		0
73		33		41		1		5		0
74		34		41		2		5		0
75		59		41		0		2		0
76		35		42		0		5		0
77		36		42		2		5		0
78		56		42		1		2		0
79		37		43		1		5		0
80		38		43		2		5		0
81		56		43		0		2		0
82		39		44		2		5		0
83		40		44		1		5		0
84		55		44		0		2		0
85		41		45		2		5		0
86		42		45		0		5		0
87		58		45		1		2		0
88		43		46		1		5		0
89		44		46		2		5		0
90		59		46		0		2		0
91		45		47		2		5		0
92		46		47		0		5		0
93		55		47		1		2		0
94		47		48		1		5		0
95		48		48		2		5		0
96		56		48		0		2		0
97		49		49		1		5		0
98		50		49		2		5		0
99		53		49		0		2		0
