U_50small_6.txt

VEHICLE     CAPACITY  LOCATIONS  CUSTOMER  OPTIONS  PRIORITIES  NUMTYPS
10		150		61		50		100		3		4

CUSTOMER  DEMAND
0	 20
1	 10
2	 19
3	 18
4	 16
5	 18
6	 10
7	 20
8	 12
9	 18
10	 12
11	 12
12	 17
13	 11
14	 12
15	 11
16	 16
17	 17
18	 13
19	 18
20	 10
21	 15
22	 18
23	 17
24	 19
25	 19
26	 10
27	 18
28	 17
29	 20
30	 20
31	 15
32	 11
33	 12
34	 14
35	 15
36	 15
37	 13
38	 10
39	 19
40	 11
41	 18
42	 17
43	 18
44	 14
45	 19
46	 17
47	 17
48	 12
49	 16

LOCATION  XCOORD  YCOORD  CAP  READY  DUE  TYP  SERVICETIME
0		27		44		-1		0		720	 0		0
1		15		26		-1		235		295		 2		6
2		23		45		-1		391		451		 2		6
3		17		7		-1		220		280		 2		6
4		37		44		-1		262		322		 2		6
5		33		23		-1		358		418		 2		6
6		44		39		-1		251		311		 2		6
7		26		48		-1		361		421		 2		6
8		39		45		-1		384		444		 2		6
9		12		16		-1		238		298		 2		6
10		22		1		-1		350		410		 2		6
11		22		28		-1		423		483		 2		6
12		12		35		-1		532		592		 2		6
13		32		50		-1		642		702		 2		6
14		30		29		-1		472		532		 2		6
15		16		12		-1		211		271		 2		6
16		45		46		-1		564		624		 2		6
17		33		18		-1		236		296		 2		6
18		39		29		-1		252		312		 2		6
19		5		37		-1		586		646		 2		6
20		5		39		-1		88		148		 2		6
21		48		17		-1		129		189		 2		6
22		36		9		-1		131		191		 2		6
23		3		22		-1		132		192		 2		6
24		32		49		-1		610		670		 2		6
25		36		8		-1		425		485		 2		6
26		38		15		-1		375		435		 2		6
27		24		25		-1		298		358		 2		6
28		12		34		-1		611		671		 2		6
29		29		5		-1		274		334		 2		6
30		47		4		-1		352		412		 2		6
31		38		11		-1		556		616		 2		6
32		18		32		-1		443		503		 2		6
33		50		9		-1		404		464		 2		6
34		27		35		-1		258		318		 2		6
35		19		8		-1		609		669		 2		6
36		5		6		-1		441		501		 2		6
37		40		50		-1		252		312		 2		6
38		49		2		-1		192		252		 2		6
39		18		37		-1		348		408		 2		6
40		41		4		-1		349		409		 2		6
41		9		45		-1		551		611		 2		6
42		32		47		-1		408		468		 2		6
43		28		28		-1		180		240		 2		6
44		27		33		-1		378		438		 2		6
45		38		24		-1		120		180		 2		6
46		24		11		-1		285		345		 2		6
47		29		42		-1		403		463		 2		6
48		29		43		-1		386		446		 2		6
49		18		43		-1		270		330		 2		6
50		11		22		-1		53		113		 2		6
51		9		26		3		444		684		 1		4
52		41		10		5		290		530		 1		4
53		5		23		5		423		663		 1		4
54		8		44		5		194		434		 1		4
55		9		23		4		437		677		 1		4
56		19		17		3		183		423		 1		4
57		21		34		5		463		703		 1		4
58		35		36		4		478		718		 1		4
59		27		37		5		315		555		 1		4
60		24		37		4		34		274		 1		4
OPTION  LOCATION  CUSTOMER  PRIO  SERVICETIME   COST
0		54		0		0		2		0
1		58		1		0		2		0
2		55		2		0		2		0
3		51		3		0		2		0
4		55		4		0		2		0
5		53		5		0		2		0
6		52		6		0		2		0
7		59		7		0		2		0
8		52		8		0		2		0
9		57		9		0		2		0
10		1		10		0		5		0
11		2		11		0		5		0
12		3		12		0		5		0
13		4		13		0		5		0
14		5		14		0		5		0
15		6		15		0		5		0
16		7		16		0		5		0
17		8		17		0		5		0
18		9		18		0		5		0
19		10		19		0		5		0
20		11		20		0		5		0
21		56		20		1		2		0
22		12		21		1		5		0
23		55		21		0		2		0
24		13		22		1		5		0
25		60		22		0		2		0
26		14		23		0		5		0
27		57		23		1		2		0
28		15		24		0		5		0
29		60		24		1		2		0
30		16		25		0		5		0
31		60		25		1		2		0
32		17		26		1		5		0
33		59		26		0		2		0
34		18		27		1		5		0
35		52		27		0		2		0
36		19		28		0		5		0
37		59		28		1		2		0
38		20		29		1		5		0
39		57		29		0		2		0
40		21		30		1		5		0
41		56		30		2		2		0
42		60		30		0		2		0
43		22		31		2		5		0
44		56		31		0		2		0
45		58		31		1		2		0
46		23		32		0		5		0
47		59		32		1		2		0
48		51		32		2		2		0
49		24		33		1		5		0
50		57		33		0		2		0
51		54		33		2		2		0
52		25		34		1		5		0
53		56		34		2		2		0
54		59		34		0		2		0
55		26		35		1		5		0
56		58		35		2		2		0
57		57		35		0		2		0
58		27		36		2		5		0
59		55		36		0		2		0
60		56		36		1		2		0
61		28		37		2		5		0
62		53		37		0		2		0
63		59		37		1		2		0
64		29		38		0		5		0
65		55		38		1		2		0
66		53		38		2		2		0
67		30		39		0		5		0
68		56		39		2		2		0
69		59		39		1		2		0
70		31		40		1		5		0
71		32		40		2		5		0
72		58		40		0		2		0
73		33		41		2		5		0
74		34		41		1		5		0
75		58		41		0		2		0
76		35		42		2		5		0
77		36		42		0		5		0
78		52		42		1		2		0
79		37		43		0		5		0
80		38		43		1		5		0
81		57		43		2		2		0
82		39		44		0		5		0
83		40		44		1		5		0
84		59		44		2		2		0
85		41		45		2		5		0
86		42		45		0		5		0
87		55		45		1		2		0
88		43		46		1		5		0
89		44		46		0		5		0
90		60		46		2		2		0
91		45		47		1		5		0
92		46		47		2		5		0
93		57		47		0		2		0
94		47		48		0		5		0
95		48		48		2		5		0
96		58		48		1		2		0
97		49		49		0		5		0
98		50		49		1		5		0
99		60		49		2		2		0
