U_25medium_8.txt

VEHICLE     CAPACITY  LOCATIONS  CUSTOMER  OPTIONS  PRIORITIES  NUMTYPS
10		150		31		25		50		3		4

CUSTOMER  DEMAND
0	 15
1	 11
2	 18
3	 10
4	 17
5	 14
6	 20
7	 17
8	 10
9	 17
10	 16
11	 19
12	 11
13	 17
14	 19
15	 12
16	 16
17	 13
18	 13
19	 15
20	 14
21	 13
22	 18
23	 12
24	 20

LOCATION  XCOORD  YCOORD  CAP  READY  DUE  TYP  SERVICETIME
0		32		39		-1		0		720	 0		0
1		32		32		-1		428		548		 2		6
2		4		32		-1		432		552		 2		6
3		6		25		-1		214		334		 2		6
4		24		10		-1		352		472		 2		6
5		16		29		-1		353		473		 2		6
6		15		2		-1		302		422		 2		6
7		33		50		-1		17		137		 2		6
8		49		31		-1		27		147		 2		6
9		26		41		-1		351		471		 2		6
10		34		44		-1		257		377		 2		6
11		36		26		-1		185		305		 2		6
12		49		38		-1		61		181		 2		6
13		36		7		-1		2		122		 2		6
14		26		8		-1		134		254		 2		6
15		13		15		-1		316		436		 2		6
16		16		36		-1		278		398		 2		6
17		46		25		-1		104		224		 2		6
18		29		4		-1		206		326		 2		6
19		47		6		-1		195		315		 2		6
20		38		17		-1		319		439		 2		6
21		1		49		-1		293		413		 2		6
22		42		17		-1		577		697		 2		6
23		17		2		-1		23		143		 2		6
24		14		30		-1		337		457		 2		6
25		30		9		-1		488		608		 2		6
26		24		41		3		65		545		 1		4
27		21		24		4		201		681		 1		4
28		18		22		3		176		656		 1		4
29		24		31		5		189		669		 1		4
30		32		8		5		175		655		 1		4
OPTION  LOCATION  CUSTOMER  PRIO  SERVICETIME   COST
0		28		0		0		2		0
1		29		1		0		2		0
2		26		2		0		2		0
3		28		3		0		2		0
4		26		4		0		2		0
5		1		5		0		5		0
6		2		6		0		5		0
7		3		7		0		5		0
8		4		8		0		5		0
9		5		9		0		5		0
10		6		10		0		5		0
11		28		10		1		2		0
12		7		11		0		5		0
13		27		11		1		2		0
14		8		12		0		5		0
15		26		12		1		2		0
16		9		13		1		5		0
17		28		13		0		2		0
18		10		14		1		5		0
19		30		14		0		2		0
20		11		15		2		5		0
21		27		15		1		2		0
22		28		15		0		2		0
23		12		16		0		5		0
24		26		16		1		2		0
25		28		16		2		2		0
26		13		17		2		5		0
27		28		17		1		2		0
28		29		17		0		2		0
29		14		18		1		5		0
30		30		18		0		2		0
31		27		18		2		2		0
32		15		19		2		5		0
33		27		19		1		2		0
34		26		19		0		2		0
35		16		20		2		5		0
36		17		20		1		5		0
37		30		20		0		2		0
38		18		21		0		5		0
39		19		21		1		5		0
40		28		21		2		2		0
41		20		22		1		5		0
42		21		22		2		5		0
43		26		22		0		2		0
44		22		23		0		5		0
45		23		23		1		5		0
46		27		23		2		2		0
47		24		24		0		5		0
48		25		24		1		5		0
49		26		24		2		2		0
