U_25medium_10.txt

VEHICLE     CAPACITY  LOCATIONS  CUSTOMER  OPTIONS  PRIORITIES  NUMTYPS
10		150		31		25		50		3		4

CUSTOMER  DEMAND
0	 19
1	 10
2	 18
3	 12
4	 14
5	 12
6	 14
7	 16
8	 11
9	 13
10	 20
11	 20
12	 10
13	 10
14	 12
15	 10
16	 13
17	 17
18	 12
19	 20
20	 18
21	 11
22	 18
23	 11
24	 13

LOCATION  XCOORD  YCOORD  CAP  READY  DUE  TYP  SERVICETIME
0		10		2		-1		0		720	 0		0
1		19		23		-1		110		230		 2		6
2		17		48		-1		334		454		 2		6
3		43		48		-1		482		602		 2		6
4		26		23		-1		348		468		 2		6
5		29		41		-1		593		713		 2		6
6		1		17		-1		374		494		 2		6
7		22		25		-1		557		677		 2		6
8		16		30		-1		51		171		 2		6
9		9		9		-1		538		658		 2		6
10		40		45		-1		320		440		 2		6
11		44		15		-1		385		505		 2		6
12		37		50		-1		593		713		 2		6
13		30		24		-1		599		719		 2		6
14		48		37		-1		236		356		 2		6
15		40		30		-1		219		339		 2		6
16		18		31		-1		502		622		 2		6
17		31		49		-1		540		660		 2		6
18		18		22		-1		301		421		 2		6
19		16		4		-1		485		605		 2		6
20		23		18		-1		580		700		 2		6
21		49		20		-1		572		692		 2		6
22		43		39		-1		36		156		 2		6
23		40		50		-1		269		389		 2		6
24		32		20		-1		302		422		 2		6
25		1		23		-1		361		481		 2		6
26		28		41		5		21		501		 1		4
27		8		20		4		107		587		 1		4
28		43		28		4		118		598		 1		4
29		37		44		3		222		702		 1		4
30		29		5		4		88		568		 1		4
OPTION  LOCATION  CUSTOMER  PRIO  SERVICETIME   COST
0		27		0		0		2		0
1		27		1		0		2		0
2		27		2		0		2		0
3		30		3		0		2		0
4		29		4		0		2		0
5		1		5		0		5		0
6		2		6		0		5		0
7		3		7		0		5		0
8		4		8		0		5		0
9		5		9		0		5		0
10		6		10		0		5		0
11		28		10		1		2		0
12		7		11		1		5		0
13		30		11		0		2		0
14		8		12		1		5		0
15		30		12		0		2		0
16		9		13		1		5		0
17		28		13		0		2		0
18		10		14		0		5		0
19		28		14		1		2		0
20		11		15		2		5		0
21		29		15		0		2		0
22		27		15		1		2		0
23		12		16		0		5		0
24		28		16		1		2		0
25		30		16		2		2		0
26		13		17		1		5		0
27		30		17		0		2		0
28		27		17		2		2		0
29		14		18		1		5		0
30		27		18		2		2		0
31		26		18		0		2		0
32		15		19		0		5		0
33		29		19		2		2		0
34		27		19		1		2		0
35		16		20		1		5		0
36		17		20		2		5		0
37		27		20		0		2		0
38		18		21		0		5		0
39		19		21		1		5		0
40		26		21		2		2		0
41		20		22		2		5		0
42		21		22		1		5		0
43		27		22		0		2		0
44		22		23		0		5		0
45		23		23		2		5		0
46		28		23		1		2		0
47		24		24		1		5		0
48		25		24		0		5		0
49		27		24		2		2		0
