U_25medium_1.txt

VEHICLE     CAPACITY  LOCATIONS  CUSTOMER  OPTIONS  PRIORITIES  NUMTYPS
10		150		31		25		50		3		4

CUSTOMER  DEMAND
0	 13
1	 10
2	 13
3	 20
4	 15
5	 11
6	 17
7	 17
8	 10
9	 13
10	 16
11	 18
12	 13
13	 17
14	 19
15	 20
16	 18
17	 16
18	 16
19	 13
20	 12
21	 19
22	 15
23	 14
24	 19

LOCATION  XCOORD  YCOORD  CAP  READY  DUE  TYP  SERVICETIME
0		17		40		-1		0		720	 0		0
1		35		28		-1		495		615		 2		6
2		1		35		-1		8		128		 2		6
3		33		38		-1		445		565		 2		6
4		26		6		-1		585		705		 2		6
5		34		25		-1		50		170		 2		6
6		40		19		-1		329		449		 2		6
7		21		49		-1		416		536		 2		6
8		15		48		-1		316		436		 2		6
9		49		13		-1		305		425		 2		6
10		7		32		-1		16		136		 2		6
11		35		12		-1		451		571		 2		6
12		31		31		-1		446		566		 2		6
13		21		44		-1		282		402		 2		6
14		48		49		-1		61		181		 2		6
15		22		2		-1		44		164		 2		6
16		16		34		-1		485		605		 2		6
17		16		33		-1		6		126		 2		6
18		13		11		-1		456		576		 2		6
19		33		24		-1		476		596		 2		6
20		12		20		-1		566		686		 2		6
21		31		39		-1		169		289		 2		6
22		40		28		-1		1		121		 2		6
23		28		32		-1		244		364		 2		6
24		39		7		-1		334		454		 2		6
25		12		39		-1		571		691		 2		6
26		23		8		5		45		525		 1		4
27		25		23		5		69		549		 1		4
28		33		22		5		222		702		 1		4
29		44		7		3		145		625		 1		4
30		36		24		5		167		647		 1		4
OPTION  LOCATION  CUSTOMER  PRIO  SERVICETIME   COST
0		28		0		0		2		0
1		30		1		0		2		0
2		29		2		0		2		0
3		26		3		0		2		0
4		29		4		0		2		0
5		1		5		0		5		0
6		2		6		0		5		0
7		3		7		0		5		0
8		4		8		0		5		0
9		5		9		0		5		0
10		6		10		1		5		0
11		28		10		0		2		0
12		7		11		1		5		0
13		29		11		0		2		0
14		8		12		1		5		0
15		29		12		0		2		0
16		9		13		1		5		0
17		29		13		0		2		0
18		10		14		1		5		0
19		28		14		0		2		0
20		11		15		1		5		0
21		30		15		2		2		0
22		28		15		0		2		0
23		12		16		0		5		0
24		27		16		2		2		0
25		28		16		1		2		0
26		13		17		2		5		0
27		30		17		0		2		0
28		29		17		1		2		0
29		14		18		2		5		0
30		29		18		1		2		0
31		27		18		0		2		0
32		15		19		0		5		0
33		27		19		1		2		0
34		29		19		2		2		0
35		16		20		2		5		0
36		17		20		1		5		0
37		26		20		0		2		0
38		18		21		1		5		0
39		19		21		2		5		0
40		29		21		0		2		0
41		20		22		1		5		0
42		21		22		2		5		0
43		28		22		0		2		0
44		22		23		0		5		0
45		23		23		1		5		0
46		27		23		2		2		0
47		24		24		1		5		0
48		25		24		2		5		0
49		28		24		0		2		0
