V_25medium_10.txt

VEHICLE     CAPACITY  LOCATIONS  CUSTOMER  OPTIONS  PRIORITIES  NUMTYPS
10		150		25		25		38		3		4

CUSTOMER  DEMAND
0	 17
1	 12
2	 16
3	 18
4	 14
5	 12
6	 15
7	 13
8	 17
9	 15
10	 18
11	 17
12	 15
13	 20
14	 10
15	 14
16	 12
17	 11
18	 11
19	 13
20	 13
21	 13
22	 14
23	 19
24	 19

LOCATION  XCOORD  YCOORD  CAP  READY  DUE  TYP  SERVICETIME
0		22		10		-1		0		720	 0		0
1		49		47		-1		591		711		 2		6
2		9		3		-1		182		302		 2		6
3		21		26		-1		224		344		 2		6
4		43		17		-1		514		634		 2		6
5		43		7		-1		349		469		 2		6
6		7		9		-1		288		408		 2		6
7		44		39		-1		45		165		 2		6
8		9		12		-1		559		679		 2		6
9		48		40		-1		393		513		 2		6
10		41		31		-1		533		653		 2		6
11		10		11		-1		20		140		 2		6
12		18		8		-1		291		411		 2		6
13		43		21		-1		90		210		 2		6
14		26		16		-1		273		393		 2		6
15		10		31		-1		77		197		 2		6
16		50		47		-1		246		366		 2		6
17		21		28		-1		469		589		 2		6
18		3		11		-1		182		302		 2		6
19		13		38		-1		538		658		 2		6
20		30		6		4		138		618		 1		4
21		45		19		4		206		686		 1		4
22		40		32		5		55		535		 1		4
23		29		13		3		182		662		 1		4
24		18		45		5		7		487		 1		4
OPTION  LOCATION  CUSTOMER  PRIO  SERVICETIME   COST
0		24		0		0		2		0
1		23		1		0		2		0
2		21		2		0		2		0
3		24		3		0		2		0
4		20		4		0		2		0
5		23		5		0		2		0
6		1		6		0		5		0
7		2		7		0		5		0
8		3		8		0		5		0
9		4		9		0		5		0
10		5		10		0		5		0
11		6		11		0		5		0
12		7		12		0		5		0
13		22		12		1		2		0
14		8		13		0		5		0
15		24		13		1		2		0
16		9		14		1		5		0
17		24		14		0		2		0
18		10		15		1		5		0
19		23		15		0		2		0
20		11		16		0		5		0
21		20		16		1		2		0
22		12		17		1		5		0
23		23		17		0		2		0
24		13		18		0		5		0
25		24		18		1		2		0
26		14		19		1		5		0
27		24		19		0		2		0
28		15		20		1		5		0
29		20		20		0		2		0
30		16		21		1		5		0
31		24		21		0		2		0
32		17		22		0		5		0
33		20		22		1		2		0
34		18		23		0		5		0
35		22		23		1		2		0
36		19		24		1		5		0
37		22		24		0		2		0
