V_25medium_5.txt

VEHICLE     CAPACITY  LOCATIONS  CUSTOMER  OPTIONS  PRIORITIES  NUMTYPS
10		150		25		25		38		3		4

CUSTOMER  DEMAND
0	 18
1	 15
2	 13
3	 14
4	 20
5	 15
6	 19
7	 17
8	 11
9	 13
10	 13
11	 20
12	 12
13	 12
14	 10
15	 20
16	 13
17	 19
18	 16
19	 16
20	 14
21	 16
22	 14
23	 16
24	 11

LOCATION  XCOORD  YCOORD  CAP  READY  DUE  TYP  SERVICETIME
0		18		2		-1		0		720	 0		0
1		35		43		-1		571		691		 2		6
2		11		26		-1		377		497		 2		6
3		13		22		-1		115		235		 2		6
4		26		47		-1		255		375		 2		6
5		50		44		-1		582		702		 2		6
6		30		48		-1		59		179		 2		6
7		39		50		-1		22		142		 2		6
8		22		5		-1		125		245		 2		6
9		28		4		-1		367		487		 2		6
10		41		13		-1		542		662		 2		6
11		4		49		-1		472		592		 2		6
12		49		50		-1		145		265		 2		6
13		8		25		-1		192		312		 2		6
14		20		15		-1		103		223		 2		6
15		16		48		-1		164		284		 2		6
16		20		23		-1		219		339		 2		6
17		44		25		-1		493		613		 2		6
18		39		43		-1		73		193		 2		6
19		15		36		-1		36		156		 2		6
20		45		14		4		66		546		 1		4
21		36		9		3		193		673		 1		4
22		35		9		4		6		486		 1		4
23		28		10		3		140		620		 1		4
24		17		12		4		66		546		 1		4
OPTION  LOCATION  CUSTOMER  PRIO  SERVICETIME   COST
0		24		0		0		2		0
1		24		1		0		2		0
2		24		2		0		2		0
3		20		3		0		2		0
4		23		4		0		2		0
5		22		5		0		2		0
6		1		6		0		5		0
7		2		7		0		5		0
8		3		8		0		5		0
9		4		9		0		5		0
10		5		10		0		5		0
11		6		11		0		5		0
12		7		12		0		5		0
13		22		12		1		2		0
14		8		13		0		5		0
15		21		13		1		2		0
16		9		14		1		5		0
17		24		14		0		2		0
18		10		15		0		5		0
19		24		15		1		2		0
20		11		16		0		5		0
21		20		16		1		2		0
22		12		17		0		5		0
23		22		17		1		2		0
24		13		18		1		5		0
25		21		18		0		2		0
26		14		19		1		5		0
27		21		19		0		2		0
28		15		20		0		5		0
29		24		20		1		2		0
30		16		21		0		5		0
31		20		21		1		2		0
32		17		22		1		5		0
33		24		22		0		2		0
34		18		23		1		5		0
35		24		23		0		2		0
36		19		24		1		5		0
37		22		24		0		2		0
