V_25medium_3.txt

VEHICLE     CAPACITY  LOCATIONS  CUSTOMER  OPTIONS  PRIORITIES  NUMTYPS
10		150		25		25		38		3		4

CUSTOMER  DEMAND
0	 16
1	 16
2	 12
3	 17
4	 13
5	 20
6	 17
7	 15
8	 10
9	 17
10	 10
11	 15
12	 13
13	 16
14	 17
15	 18
16	 11
17	 13
18	 12
19	 11
20	 11
21	 17
22	 18
23	 13
24	 11

LOCATION  XCOORD  YCOORD  CAP  READY  DUE  TYP  SERVICETIME
0		8		18		-1		0		720	 0		0
1		20		32		-1		396		516		 2		6
2		30		43		-1		320		440		 2		6
3		36		34		-1		599		719		 2		6
4		26		8		-1		176		296		 2		6
5		49		32		-1		288		408		 2		6
6		40		10		-1		165		285		 2		6
7		48		39		-1		171		291		 2		6
8		25		41		-1		428		548		 2		6
9		32		24		-1		23		143		 2		6
10		8		36		-1		34		154		 2		6
11		27		50		-1		211		331		 2		6
12		21		26		-1		122		242		 2		6
13		3		4		-1		365		485		 2		6
14		36		8		-1		198		318		 2		6
15		36		3		-1		514		634		 2		6
16		40		24		-1		239		359		 2		6
17		28		14		-1		439		559		 2		6
18		8		22		-1		177		297		 2		6
19		32		21		-1		167		287		 2		6
20		15		8		4		155		635		 1		4
21		31		7		4		68		548		 1		4
22		38		28		5		223		703		 1		4
23		33		18		5		192		672		 1		4
24		32		6		3		34		514		 1		4
OPTION  LOCATION  CUSTOMER  PRIO  SERVICETIME   COST
0		22		0		0		2		0
1		20		1		0		2		0
2		21		2		0		2		0
3		20		3		0		2		0
4		23		4		0		2		0
5		20		5		0		2		0
6		1		6		0		5		0
7		2		7		0		5		0
8		3		8		0		5		0
9		4		9		0		5		0
10		5		10		0		5		0
11		6		11		0		5		0
12		7		12		1		5		0
13		22		12		0		2		0
14		8		13		1		5		0
15		20		13		0		2		0
16		9		14		1		5		0
17		21		14		0		2		0
18		10		15		0		5		0
19		22		15		1		2		0
20		11		16		1		5		0
21		20		16		0		2		0
22		12		17		1		5		0
23		20		17		0		2		0
24		13		18		1		5		0
25		23		18		0		2		0
26		14		19		0		5		0
27		21		19		1		2		0
28		15		20		0		5		0
29		21		20		1		2		0
30		16		21		1		5		0
31		21		21		0		2		0
32		17		22		0		5		0
33		24		22		1		2		0
34		18		23		0		5		0
35		22		23		1		2		0
36		19		24		0		5		0
37		20		24		1		2		0
