V_50small_6.txt

VEHICLE     CAPACITY  LOCATIONS  CUSTOMER  OPTIONS  PRIORITIES  NUMTYPS
10		150		49		50		76		3		4

CUSTOMER  DEMAND
0	 18
1	 10
2	 19
3	 16
4	 19
5	 20
6	 14
7	 19
8	 11
9	 20
10	 13
11	 20
12	 19
13	 19
14	 15
15	 15
16	 16
17	 15
18	 16
19	 19
20	 15
21	 12
22	 14
23	 20
24	 17
25	 11
26	 10
27	 17
28	 11
29	 19
30	 15
31	 18
32	 10
33	 16
34	 12
35	 15
36	 10
37	 20
38	 13
39	 14
40	 14
41	 17
42	 17
43	 12
44	 17
45	 11
46	 17
47	 12
48	 18
49	 19

LOCATION  XCOORD  YCOORD  CAP  READY  DUE  TYP  SERVICETIME
0		49		20		-1		0		720	 0		0
1		9		35		-1		519		579		 2		6
2		4		3		-1		186		246		 2		6
3		19		20		-1		605		665		 2		6
4		22		31		-1		480		540		 2		6
5		26		32		-1		207		267		 2		6
6		30		11		-1		291		351		 2		6
7		45		22		-1		506		566		 2		6
8		37		23		-1		373		433		 2		6
9		1		38		-1		140		200		 2		6
10		30		7		-1		555		615		 2		6
11		17		39		-1		608		668		 2		6
12		5		6		-1		230		290		 2		6
13		5		31		-1		177		237		 2		6
14		23		38		-1		584		644		 2		6
15		28		1		-1		590		650		 2		6
16		49		40		-1		126		186		 2		6
17		5		46		-1		34		94		 2		6
18		8		39		-1		384		444		 2		6
19		33		21		-1		514		574		 2		6
20		34		48		-1		491		551		 2		6
21		8		39		-1		132		192		 2		6
22		24		34		-1		495		555		 2		6
23		8		26		-1		499		559		 2		6
24		16		40		-1		64		124		 2		6
25		16		50		-1		299		359		 2		6
26		31		48		-1		588		648		 2		6
27		45		31		-1		649		709		 2		6
28		25		33		-1		278		338		 2		6
29		35		29		-1		414		474		 2		6
30		23		22		-1		268		328		 2		6
31		9		30		-1		574		634		 2		6
32		47		33		-1		470		530		 2		6
33		29		29		-1		391		451		 2		6
34		15		1		-1		603		663		 2		6
35		13		25		-1		609		669		 2		6
36		26		26		-1		266		326		 2		6
37		44		5		-1		533		593		 2		6
38		16		13		-1		390		450		 2		6
39		28		27		3		431		671		 1		4
40		38		44		4		85		325		 1		4
41		43		23		5		136		376		 1		4
42		37		39		5		33		273		 1		4
43		9		28		5		3		243		 1		4
44		38		32		3		118		358		 1		4
45		38		10		4		321		561		 1		4
46		31		23		4		97		337		 1		4
47		31		21		5		311		551		 1		4
48		41		34		4		240		480		 1		4
OPTION  LOCATION  CUSTOMER  PRIO  SERVICETIME   COST
0		40		0		0		2		0
1		43		1		0		2		0
2		48		2		0		2		0
3		43		3		0		2		0
4		45		4		0		2		0
5		41		5		0		2		0
6		41		6		0		2		0
7		43		7		0		2		0
8		44		8		0		2		0
9		46		9		0		2		0
10		43		10		0		2		0
11		43		11		0		2		0
12		1		12		0		5		0
13		2		13		0		5		0
14		3		14		0		5		0
15		4		15		0		5		0
16		5		16		0		5		0
17		6		17		0		5		0
18		7		18		0		5		0
19		8		19		0		5		0
20		9		20		0		5		0
21		10		21		0		5		0
22		11		22		0		5		0
23		12		23		0		5		0
24		13		24		0		5		0
25		42		24		1		2		0
26		14		25		1		5		0
27		40		25		0		2		0
28		15		26		0		5		0
29		43		26		1		2		0
30		16		27		1		5		0
31		47		27		0		2		0
32		17		28		1		5		0
33		47		28		0		2		0
34		18		29		0		5		0
35		41		29		1		2		0
36		19		30		1		5		0
37		39		30		0		2		0
38		20		31		1		5		0
39		40		31		0		2		0
40		21		32		0		5		0
41		46		32		1		2		0
42		22		33		1		5		0
43		47		33		0		2		0
44		23		34		0		5		0
45		47		34		1		2		0
46		24		35		0		5		0
47		45		35		1		2		0
48		25		36		1		5		0
49		47		36		0		2		0
50		26		37		1		5		0
51		42		37		0		2		0
52		27		38		1		5		0
53		45		38		0		2		0
54		28		39		0		5		0
55		46		39		1		2		0
56		29		40		0		5		0
57		39		40		1		2		0
58		30		41		0		5		0
59		42		41		1		2		0
60		31		42		1		5		0
61		44		42		0		2		0
62		32		43		1		5		0
63		44		43		0		2		0
64		33		44		0		5		0
65		39		44		1		2		0
66		34		45		0		5		0
67		47		45		1		2		0
68		35		46		0		5		0
69		39		46		1		2		0
70		36		47		0		5		0
71		43		47		1		2		0
72		37		48		1		5		0
73		40		48		0		2		0
74		38		49		1		5		0
75		45		49		0		2		0
