V_50small_5.txt

VEHICLE     CAPACITY  LOCATIONS  CUSTOMER  OPTIONS  PRIORITIES  NUMTYPS
10		150		49		50		76		3		4

CUSTOMER  DEMAND
0	 14
1	 11
2	 20
3	 16
4	 17
5	 18
6	 17
7	 10
8	 20
9	 20
10	 13
11	 20
12	 10
13	 17
14	 17
15	 15
16	 18
17	 19
18	 12
19	 13
20	 15
21	 13
22	 17
23	 10
24	 11
25	 19
26	 10
27	 18
28	 20
29	 17
30	 16
31	 16
32	 10
33	 10
34	 15
35	 14
36	 19
37	 13
38	 10
39	 13
40	 12
41	 16
42	 18
43	 19
44	 16
45	 13
46	 12
47	 13
48	 12
49	 11

LOCATION  XCOORD  YCOORD  CAP  READY  DUE  TYP  SERVICETIME
0		30		15		-1		0		720	 0		0
1		1		11		-1		552		612		 2		6
2		41		5		-1		574		634		 2		6
3		3		15		-1		570		630		 2		6
4		21		2		-1		416		476		 2		6
5		38		38		-1		185		245		 2		6
6		14		7		-1		241		301		 2		6
7		13		22		-1		471		531		 2		6
8		3		1		-1		597		657		 2		6
9		15		22		-1		175		235		 2		6
10		19		38		-1		157		217		 2		6
11		38		35		-1		577		637		 2		6
12		8		29		-1		314		374		 2		6
13		15		40		-1		149		209		 2		6
14		31		9		-1		458		518		 2		6
15		3		39		-1		576		636		 2		6
16		35		41		-1		447		507		 2		6
17		4		40		-1		112		172		 2		6
18		42		21		-1		80		140		 2		6
19		43		17		-1		247		307		 2		6
20		35		13		-1		436		496		 2		6
21		29		13		-1		93		153		 2		6
22		13		12		-1		256		316		 2		6
23		28		50		-1		586		646		 2		6
24		28		23		-1		330		390		 2		6
25		13		24		-1		217		277		 2		6
26		43		32		-1		614		674		 2		6
27		3		48		-1		86		146		 2		6
28		28		7		-1		94		154		 2		6
29		32		25		-1		402		462		 2		6
30		31		46		-1		163		223		 2		6
31		45		16		-1		599		659		 2		6
32		32		8		-1		470		530		 2		6
33		22		30		-1		326		386		 2		6
34		1		4		-1		589		649		 2		6
35		31		6		-1		466		526		 2		6
36		30		36		-1		230		290		 2		6
37		23		18		-1		495		555		 2		6
38		37		39		-1		49		109		 2		6
39		35		15		4		169		409		 1		4
40		9		26		5		451		691		 1		4
41		26		40		4		236		476		 1		4
42		40		10		5		371		611		 1		4
43		11		17		5		232		472		 1		4
44		14		19		3		371		611		 1		4
45		19		20		3		65		305		 1		4
46		25		20		5		130		370		 1		4
47		37		6		4		67		307		 1		4
48		38		16		5		395		635		 1		4
OPTION  LOCATION  CUSTOMER  PRIO  SERVICETIME   COST
0		47		0		0		2		0
1		46		1		0		2		0
2		43		2		0		2		0
3		48		3		0		2		0
4		47		4		0		2		0
5		42		5		0		2		0
6		47		6		0		2		0
7		45		7		0		2		0
8		48		8		0		2		0
9		39		9		0		2		0
10		41		10		0		2		0
11		45		11		0		2		0
12		1		12		0		5		0
13		2		13		0		5		0
14		3		14		0		5		0
15		4		15		0		5		0
16		5		16		0		5		0
17		6		17		0		5		0
18		7		18		0		5		0
19		8		19		0		5		0
20		9		20		0		5		0
21		10		21		0		5		0
22		11		22		0		5		0
23		12		23		0		5		0
24		13		24		1		5		0
25		42		24		0		2		0
26		14		25		0		5		0
27		42		25		1		2		0
28		15		26		0		5		0
29		43		26		1		2		0
30		16		27		0		5		0
31		46		27		1		2		0
32		17		28		1		5		0
33		43		28		0		2		0
34		18		29		0		5		0
35		43		29		1		2		0
36		19		30		0		5		0
37		42		30		1		2		0
38		20		31		1		5		0
39		46		31		0		2		0
40		21		32		1		5		0
41		47		32		0		2		0
42		22		33		0		5		0
43		43		33		1		2		0
44		23		34		1		5		0
45		42		34		0		2		0
46		24		35		0		5		0
47		48		35		1		2		0
48		25		36		0		5		0
49		43		36		1		2		0
50		26		37		1		5		0
51		43		37		0		2		0
52		27		38		1		5		0
53		41		38		0		2		0
54		28		39		0		5		0
55		48		39		1		2		0
56		29		40		1		5		0
57		41		40		0		2		0
58		30		41		1		5		0
59		40		41		0		2		0
60		31		42		0		5		0
61		43		42		1		2		0
62		32		43		1		5		0
63		39		43		0		2		0
64		33		44		1		5		0
65		46		44		0		2		0
66		34		45		1		5		0
67		47		45		0		2		0
68		35		46		0		5		0
69		39		46		1		2		0
70		36		47		0		5		0
71		41		47		1		2		0
72		37		48		0		5		0
73		43		48		1		2		0
74		38		49		1		5		0
75		48		49		0		2		0
