V_50small_3.txt

VEHICLE     CAPACITY  LOCATIONS  CUSTOMER  OPTIONS  PRIORITIES  NUMTYPS
10		150		49		50		76		3		4

CUSTOMER  DEMAND
0	 13
1	 15
2	 15
3	 16
4	 16
5	 15
6	 12
7	 19
8	 11
9	 14
10	 19
11	 19
12	 18
13	 18
14	 11
15	 16
16	 18
17	 19
18	 13
19	 15
20	 14
21	 12
22	 11
23	 17
24	 18
25	 14
26	 13
27	 15
28	 13
29	 12
30	 14
31	 17
32	 13
33	 20
34	 18
35	 20
36	 10
37	 19
38	 20
39	 11
40	 16
41	 12
42	 11
43	 19
44	 14
45	 12
46	 18
47	 18
48	 11
49	 17

LOCATION  XCOORD  YCOORD  CAP  READY  DUE  TYP  SERVICETIME
0		24		14		-1		0		720	 0		0
1		2		7		-1		401		461		 2		6
2		30		7		-1		380		440		 2		6
3		44		32		-1		325		385		 2		6
4		18		47		-1		31		91		 2		6
5		44		33		-1		473		533		 2		6
6		46		18		-1		594		654		 2		6
7		42		49		-1		492		552		 2		6
8		32		14		-1		623		683		 2		6
9		9		49		-1		115		175		 2		6
10		8		12		-1		531		591		 2		6
11		33		34		-1		507		567		 2		6
12		4		38		-1		246		306		 2		6
13		3		6		-1		202		262		 2		6
14		7		26		-1		67		127		 2		6
15		15		31		-1		314		374		 2		6
16		26		29		-1		343		403		 2		6
17		3		40		-1		449		509		 2		6
18		50		22		-1		331		391		 2		6
19		42		18		-1		265		325		 2		6
20		27		42		-1		529		589		 2		6
21		26		38		-1		253		313		 2		6
22		18		43		-1		577		637		 2		6
23		36		14		-1		149		209		 2		6
24		10		17		-1		569		629		 2		6
25		43		2		-1		227		287		 2		6
26		38		10		-1		523		583		 2		6
27		6		41		-1		402		462		 2		6
28		31		16		-1		312		372		 2		6
29		15		45		-1		235		295		 2		6
30		21		11		-1		591		651		 2		6
31		32		39		-1		612		672		 2		6
32		4		40		-1		438		498		 2		6
33		11		13		-1		215		275		 2		6
34		36		16		-1		527		587		 2		6
35		20		12		-1		152		212		 2		6
36		3		34		-1		651		711		 2		6
37		10		47		-1		51		111		 2		6
38		49		16		-1		629		689		 2		6
39		11		35		3		397		637		 1		4
40		27		13		4		316		556		 1		4
41		44		24		4		423		663		 1		4
42		24		30		3		406		646		 1		4
43		7		13		3		283		523		 1		4
44		36		30		4		144		384		 1		4
45		16		27		3		33		273		 1		4
46		39		5		3		110		350		 1		4
47		38		23		3		95		335		 1		4
48		12		29		3		193		433		 1		4
OPTION  LOCATION  CUSTOMER  PRIO  SERVICETIME   COST
0		45		0		0		2		0
1		40		1		0		2		0
2		40		2		0		2		0
3		41		3		0		2		0
4		43		4		0		2		0
5		44		5		0		2		0
6		46		6		0		2		0
7		42		7		0		2		0
8		46		8		0		2		0
9		45		9		0		2		0
10		47		10		0		2		0
11		48		11		0		2		0
12		1		12		0		5		0
13		2		13		0		5		0
14		3		14		0		5		0
15		4		15		0		5		0
16		5		16		0		5		0
17		6		17		0		5		0
18		7		18		0		5		0
19		8		19		0		5		0
20		9		20		0		5		0
21		10		21		0		5		0
22		11		22		0		5		0
23		12		23		0		5		0
24		13		24		1		5		0
25		42		24		0		2		0
26		14		25		0		5		0
27		39		25		1		2		0
28		15		26		0		5		0
29		39		26		1		2		0
30		16		27		0		5		0
31		48		27		1		2		0
32		17		28		1		5		0
33		41		28		0		2		0
34		18		29		0		5		0
35		40		29		1		2		0
36		19		30		1		5		0
37		40		30		0		2		0
38		20		31		1		5		0
39		45		31		0		2		0
40		21		32		0		5		0
41		44		32		1		2		0
42		22		33		1		5		0
43		48		33		0		2		0
44		23		34		1		5		0
45		40		34		0		2		0
46		24		35		1		5		0
47		48		35		0		2		0
48		25		36		1		5		0
49		46		36		0		2		0
50		26		37		0		5		0
51		40		37		1		2		0
52		27		38		1		5		0
53		44		38		0		2		0
54		28		39		0		5		0
55		44		39		1		2		0
56		29		40		0		5		0
57		44		40		1		2		0
58		30		41		0		5		0
59		39		41		1		2		0
60		31		42		0		5		0
61		46		42		1		2		0
62		32		43		1		5		0
63		48		43		0		2		0
64		33		44		0		5		0
65		45		44		1		2		0
66		34		45		0		5		0
67		41		45		1		2		0
68		35		46		0		5		0
69		43		46		1		2		0
70		36		47		1		5		0
71		47		47		0		2		0
72		37		48		1		5		0
73		44		48		0		2		0
74		38		49		1		5		0
75		46		49		0		2		0
