V_50small_10.txt

VEHICLE     CAPACITY  LOCATIONS  CUSTOMER  OPTIONS  PRIORITIES  NUMTYPS
10		150		49		50		76		3		4

CUSTOMER  DEMAND
0	 20
1	 18
2	 12
3	 16
4	 17
5	 16
6	 20
7	 13
8	 18
9	 13
10	 16
11	 17
12	 19
13	 17
14	 14
15	 13
16	 11
17	 17
18	 12
19	 11
20	 14
21	 17
22	 15
23	 17
24	 20
25	 18
26	 12
27	 18
28	 12
29	 10
30	 17
31	 17
32	 19
33	 13
34	 16
35	 20
36	 17
37	 13
38	 19
39	 18
40	 14
41	 10
42	 16
43	 11
44	 16
45	 16
46	 15
47	 18
48	 14
49	 11

LOCATION  XCOORD  YCOORD  CAP  READY  DUE  TYP  SERVICETIME
0		18		40		-1		0		720	 0		0
1		14		33		-1		50		110		 2		6
2		15		49		-1		609		669		 2		6
3		46		38		-1		564		624		 2		6
4		33		24		-1		656		716		 2		6
5		49		27		-1		93		153		 2		6
6		37		3		-1		601		661		 2		6
7		39		16		-1		176		236		 2		6
8		7		17		-1		35		95		 2		6
9		20		42		-1		439		499		 2		6
10		36		41		-1		220		280		 2		6
11		44		25		-1		130		190		 2		6
12		2		10		-1		566		626		 2		6
13		16		6		-1		552		612		 2		6
14		49		16		-1		607		667		 2		6
15		50		4		-1		538		598		 2		6
16		25		39		-1		399		459		 2		6
17		8		33		-1		126		186		 2		6
18		36		16		-1		339		399		 2		6
19		25		39		-1		341		401		 2		6
20		50		5		-1		106		166		 2		6
21		31		41		-1		616		676		 2		6
22		44		17		-1		384		444		 2		6
23		50		45		-1		482		542		 2		6
24		31		49		-1		321		381		 2		6
25		38		6		-1		132		192		 2		6
26		27		41		-1		560		620		 2		6
27		27		31		-1		246		306		 2		6
28		33		31		-1		460		520		 2		6
29		36		4		-1		379		439		 2		6
30		15		36		-1		429		489		 2		6
31		43		22		-1		275		335		 2		6
32		11		1		-1		562		622		 2		6
33		9		45		-1		606		666		 2		6
34		14		34		-1		609		669		 2		6
35		3		28		-1		228		288		 2		6
36		25		5		-1		427		487		 2		6
37		40		21		-1		172		232		 2		6
38		11		15		-1		319		379		 2		6
39		15		12		5		203		443		 1		4
40		40		25		3		187		427		 1		4
41		45		22		3		455		695		 1		4
42		21		12		4		386		626		 1		4
43		23		12		3		24		264		 1		4
44		20		10		3		174		414		 1		4
45		22		26		5		308		548		 1		4
46		22		13		5		116		356		 1		4
47		23		44		5		126		366		 1		4
48		23		45		3		36		276		 1		4
OPTION  LOCATION  CUSTOMER  PRIO  SERVICETIME   COST
0		47		0		0		2		0
1		43		1		0		2		0
2		47		2		0		2		0
3		48		3		0		2		0
4		40		4		0		2		0
5		40		5		0		2		0
6		40		6		0		2		0
7		48		7		0		2		0
8		41		8		0		2		0
9		41		9		0		2		0
10		46		10		0		2		0
11		42		11		0		2		0
12		1		12		0		5		0
13		2		13		0		5		0
14		3		14		0		5		0
15		4		15		0		5		0
16		5		16		0		5		0
17		6		17		0		5		0
18		7		18		0		5		0
19		8		19		0		5		0
20		9		20		0		5		0
21		10		21		0		5		0
22		11		22		0		5		0
23		12		23		0		5		0
24		13		24		0		5		0
25		39		24		1		2		0
26		14		25		0		5		0
27		43		25		1		2		0
28		15		26		0		5		0
29		43		26		1		2		0
30		16		27		0		5		0
31		45		27		1		2		0
32		17		28		1		5		0
33		45		28		0		2		0
34		18		29		0		5		0
35		42		29		1		2		0
36		19		30		1		5		0
37		41		30		0		2		0
38		20		31		0		5		0
39		40		31		1		2		0
40		21		32		1		5		0
41		47		32		0		2		0
42		22		33		1		5		0
43		47		33		0		2		0
44		23		34		1		5		0
45		48		34		0		2		0
46		24		35		1		5		0
47		47		35		0		2		0
48		25		36		1		5		0
49		44		36		0		2		0
50		26		37		0		5		0
51		45		37		1		2		0
52		27		38		1		5		0
53		40		38		0		2		0
54		28		39		0		5		0
55		45		39		1		2		0
56		29		40		0		5		0
57		44		40		1		2		0
58		30		41		1		5		0
59		48		41		0		2		0
60		31		42		1		5		0
61		43		42		0		2		0
62		32		43		1		5		0
63		46		43		0		2		0
64		33		44		0		5		0
65		44		44		1		2		0
66		34		45		0		5		0
67		46		45		1		2		0
68		35		46		1		5		0
69		40		46		0		2		0
70		36		47		0		5		0
71		46		47		1		2		0
72		37		48		1		5		0
73		41		48		0		2		0
74		38		49		0		5		0
75		43		49		1		2		0
