V_25small_1.txt

VEHICLE     CAPACITY  LOCATIONS  CUSTOMER  OPTIONS  PRIORITIES  NUMTYPS
10		150		25		25		38		3		4

CUSTOMER  DEMAND
0	 13
1	 17
2	 10
3	 19
4	 15
5	 16
6	 19
7	 12
8	 20
9	 13
10	 17
11	 15
12	 15
13	 12
14	 12
15	 16
16	 19
17	 12
18	 17
19	 15
20	 15
21	 11
22	 10
23	 15
24	 18

LOCATION  XCOORD  YCOORD  CAP  READY  DUE  TYP  SERVICETIME
0		34		40		-1		0		720	 0		0
1		20		13		-1		491		551		 2		6
2		7		27		-1		249		309		 2		6
3		50		20		-1		544		604		 2		6
4		31		40		-1		619		679		 2		6
5		2		50		-1		611		671		 2		6
6		48		4		-1		72		132		 2		6
7		45		42		-1		86		146		 2		6
8		7		32		-1		48		108		 2		6
9		43		48		-1		496		556		 2		6
10		25		39		-1		261		321		 2		6
11		2		25		-1		483		543		 2		6
12		1		5		-1		234		294		 2		6
13		45		15		-1		530		590		 2		6
14		28		24		-1		103		163		 2		6
15		19		39		-1		499		559		 2		6
16		6		3		-1		345		405		 2		6
17		35		10		-1		244		304		 2		6
18		3		50		-1		297		357		 2		6
19		33		45		-1		364		424		 2		6
20		34		6		4		94		334		 1		4
21		34		29		3		132		372		 1		4
22		32		27		3		125		365		 1		4
23		38		41		4		274		514		 1		4
24		33		25		3		23		263		 1		4
OPTION  LOCATION  CUSTOMER  PRIO  SERVICETIME   COST
0		20		0		0		2		0
1		21		1		0		2		0
2		24		2		0		2		0
3		22		3		0		2		0
4		20		4		0		2		0
5		22		5		0		2		0
6		1		6		0		5		0
7		2		7		0		5		0
8		3		8		0		5		0
9		4		9		0		5		0
10		5		10		0		5		0
11		6		11		0		5		0
12		7		12		0		5		0
13		20		12		1		2		0
14		8		13		0		5		0
15		24		13		1		2		0
16		9		14		1		5		0
17		21		14		0		2		0
18		10		15		1		5		0
19		24		15		0		2		0
20		11		16		1		5		0
21		23		16		0		2		0
22		12		17		0		5		0
23		23		17		1		2		0
24		13		18		0		5		0
25		22		18		1		2		0
26		14		19		1		5		0
27		24		19		0		2		0
28		15		20		1		5		0
29		24		20		0		2		0
30		16		21		1		5		0
31		24		21		0		2		0
32		17		22		0		5		0
33		23		22		1		2		0
34		18		23		0		5		0
35		20		23		1		2		0
36		19		24		0		5		0
37		24		24		1		2		0
