V_25small_7.txt

VEHICLE     CAPACITY  LOCATIONS  CUSTOMER  OPTIONS  PRIORITIES  NUMTYPS
10		150		25		25		38		3		4

CUSTOMER  DEMAND
0	 18
1	 12
2	 15
3	 19
4	 11
5	 11
6	 18
7	 18
8	 11
9	 16
10	 15
11	 13
12	 13
13	 16
14	 13
15	 15
16	 15
17	 15
18	 10
19	 18
20	 20
21	 16
22	 16
23	 19
24	 20

LOCATION  XCOORD  YCOORD  CAP  READY  DUE  TYP  SERVICETIME
0		18		37		-1		0		720	 0		0
1		23		23		-1		72		132		 2		6
2		39		47		-1		109		169		 2		6
3		34		34		-1		205		265		 2		6
4		50		12		-1		267		327		 2		6
5		39		49		-1		421		481		 2		6
6		11		35		-1		406		466		 2		6
7		22		16		-1		97		157		 2		6
8		13		34		-1		194		254		 2		6
9		24		4		-1		320		380		 2		6
10		18		42		-1		87		147		 2		6
11		43		12		-1		590		650		 2		6
12		8		27		-1		272		332		 2		6
13		20		34		-1		605		665		 2		6
14		4		34		-1		657		717		 2		6
15		45		10		-1		252		312		 2		6
16		15		19		-1		335		395		 2		6
17		25		25		-1		96		156		 2		6
18		28		7		-1		434		494		 2		6
19		25		12		-1		381		441		 2		6
20		42		15		5		262		502		 1		4
21		5		35		3		101		341		 1		4
22		14		24		4		281		521		 1		4
23		18		39		3		95		335		 1		4
24		43		13		3		265		505		 1		4
OPTION  LOCATION  CUSTOMER  PRIO  SERVICETIME   COST
0		20		0		0		2		0
1		23		1		0		2		0
2		21		2		0		2		0
3		22		3		0		2		0
4		22		4		0		2		0
5		20		5		0		2		0
6		1		6		0		5		0
7		2		7		0		5		0
8		3		8		0		5		0
9		4		9		0		5		0
10		5		10		0		5		0
11		6		11		0		5		0
12		7		12		1		5		0
13		21		12		0		2		0
14		8		13		0		5		0
15		24		13		1		2		0
16		9		14		1		5		0
17		20		14		0		2		0
18		10		15		1		5		0
19		24		15		0		2		0
20		11		16		0		5		0
21		20		16		1		2		0
22		12		17		1		5		0
23		24		17		0		2		0
24		13		18		1		5		0
25		21		18		0		2		0
26		14		19		1		5		0
27		22		19		0		2		0
28		15		20		0		5		0
29		21		20		1		2		0
30		16		21		1		5		0
31		23		21		0		2		0
32		17		22		0		5		0
33		23		22		1		2		0
34		18		23		1		5		0
35		21		23		0		2		0
36		19		24		0		5		0
37		23		24		1		2		0
