V_25small_4.txt

VEHICLE     CAPACITY  LOCATIONS  CUSTOMER  OPTIONS  PRIORITIES  NUMTYPS
10		150		25		25		38		3		4

CUSTOMER  DEMAND
0	 20
1	 15
2	 14
3	 15
4	 20
5	 16
6	 20
7	 11
8	 10
9	 17
10	 17
11	 10
12	 12
13	 16
14	 19
15	 15
16	 17
17	 17
18	 10
19	 11
20	 13
21	 18
22	 10
23	 18
24	 15

LOCATION  XCOORD  YCOORD  CAP  READY  DUE  TYP  SERVICETIME
0		7		42		-1		0		720	 0		0
1		43		33		-1		594		654		 2		6
2		15		10		-1		114		174		 2		6
3		6		5		-1		333		393		 2		6
4		33		13		-1		185		245		 2		6
5		41		35		-1		658		718		 2		6
6		4		20		-1		400		460		 2		6
7		33		43		-1		47		107		 2		6
8		11		20		-1		489		549		 2		6
9		8		32		-1		434		494		 2		6
10		27		38		-1		269		329		 2		6
11		16		21		-1		331		391		 2		6
12		49		34		-1		575		635		 2		6
13		13		50		-1		456		516		 2		6
14		49		43		-1		51		111		 2		6
15		11		31		-1		456		516		 2		6
16		24		32		-1		299		359		 2		6
17		10		9		-1		303		363		 2		6
18		13		39		-1		318		378		 2		6
19		41		22		-1		144		204		 2		6
20		43		29		5		160		400		 1		4
21		9		21		5		242		482		 1		4
22		14		6		3		92		332		 1		4
23		26		22		4		458		698		 1		4
24		24		21		4		372		612		 1		4
OPTION  LOCATION  CUSTOMER  PRIO  SERVICETIME   COST
0		24		0		0		2		0
1		24		1		0		2		0
2		23		2		0		2		0
3		22		3		0		2		0
4		23		4		0		2		0
5		24		5		0		2		0
6		1		6		0		5		0
7		2		7		0		5		0
8		3		8		0		5		0
9		4		9		0		5		0
10		5		10		0		5		0
11		6		11		0		5		0
12		7		12		0		5		0
13		22		12		1		2		0
14		8		13		0		5		0
15		24		13		1		2		0
16		9		14		0		5		0
17		24		14		1		2		0
18		10		15		1		5		0
19		21		15		0		2		0
20		11		16		1		5		0
21		24		16		0		2		0
22		12		17		1		5		0
23		23		17		0		2		0
24		13		18		1		5		0
25		24		18		0		2		0
26		14		19		0		5		0
27		23		19		1		2		0
28		15		20		0		5		0
29		24		20		1		2		0
30		16		21		0		5		0
31		20		21		1		2		0
32		17		22		1		5		0
33		22		22		0		2		0
34		18		23		1		5		0
35		22		23		0		2		0
36		19		24		0		5		0
37		24		24		1		2		0
